,b_normal,b_large,b_normal_rot90,d_normal,d_large,d_normal_rot90,q_normal,q_large,q_normal_rot90,p_normal,p_large,p_normal_rot90,r_normal,r_large,r_normal_flip_h,r_normal_flip_v,r_normal_rot90,a_normal,a_large,a_normal_flip_h,a_normal_flip_v,a_normal_rot90,e_normal,e_large,e_normal_flip_h,e_normal_flip_v,e_normal_rot90,f_normal,f_large,f_normal_flip_h,f_normal_flip_v,f_normal_rot90,h_normal,h_large,h_normal_flip_h,h_normal_flip_v,h_normal_rot90,k_normal,k_large,k_normal_flip_h,k_normal_flip_v,k_normal_rot90
b_normal,0.0,0.23453074592982057,0.22980779882841523,0.31168954802706555,0.34426645945870354,0.26301618635081087,0.3114831291806043,0.33754693002171743,0.28377810535690107,0.3095116088847735,0.3492246266349896,0.2774976817936074,1.0259231103951918,0.9934281575654932,0.7757142768180169,1.1207000856773877,1.0720231503718782,0.975573173117143,1.2259421888201425,1.1501306445296924,1.2899948701534811,1.3992101324997794,1.1059116374078641,1.0260925883799987,1.3643896888568832,1.4009089507535373,0.9601319763788301,1.2330744786027035,0.9834544020376198,0.997692483499879,1.0053636977438236,0.9907533649645184,0.9906519644998462,1.1688371759664804,1.1502951533938581,1.2062931878475815,0.969160401651031,1.3807102894943168,1.26988490271771,1.327965454144814,1.3192852096882062,1.1463350605699871
b_large,0.23453074592982057,0.0,0.37005601068746596,0.3416595589365023,0.266468905299122,0.30936798053206993,0.3377133440450779,0.25054641490955587,0.31433299067807813,0.40981141564335083,0.32726293595410105,0.3869624044521249,1.1450137041669837,1.037288532253497,0.9841363119921389,1.1511050259975002,1.0631250288841039,1.0584895889521653,0.9015589612560163,1.2532836421694582,1.0716625711183716,1.2561095201324728,0.9756143456024808,0.9413494730617619,1.4577042347931253,1.0854240395802,0.9398488957599499,1.1316830119318284,1.153010924204472,1.1808220232265203,1.2711763016942017,1.1020185146077655,0.9577361927095094,1.5190360986080251,1.4005612485885435,1.2843846289250642,1.2341742579934998,1.0066721359828321,1.0750931351066186,0.8924075926692018,1.106648710311223,1.0529362067283283
b_normal_rot90,0.22980779882841523,0.37005601068746596,0.0,0.30438734614154234,0.37685791306568056,0.3129743276376169,0.2737125441866369,0.36773945910583905,0.2645294450131813,0.25448092525460264,0.3272988226106432,0.2822743695189056,1.2206702498646937,0.8651971693372132,0.8802267136203386,1.4363670336996393,1.1758279281348667,0.9975376801873082,1.0822972186058726,1.1810817161272,1.0628956207962077,1.1778134108249834,0.9972216145259202,1.0036048417794685,0.9642685076008916,1.101886189664726,1.21151812841181,0.8928022753465225,1.1586327581891394,0.8248141309256476,1.0457128438217018,1.250972100927088,0.9968389355882853,0.9139937505536656,1.2490591805622537,1.1316830119318284,0.7004010579246536,1.2064618578849258,1.2913984461690318,0.9520169572031809,1.1573848760505525,1.2685313943419168
d_normal,0.31168954802706555,0.3416595589365023,0.30438734614154234,0.0,0.2035406918653851,0.2932455042641731,0.2562507537893224,0.2830710943913054,0.2701924416080848,0.30241270651489266,0.29937237249361603,0.361804378763071,0.8672068627708289,1.0357489717126507,0.8424500242238714,1.147537537401667,0.940012676406837,1.0654321756682956,1.2688855459866812,1.1568134781331292,1.0039172683081472,1.0083740099183018,1.0462802218804328,1.190810720134529,0.9020919501498181,1.039738644882059,1.0346036717895386,1.1872017966998942,1.1787552499070937,1.268343337446602,1.3600720939887714,1.4147952232152683,0.9203796179590942,1.0537005259494838,1.07877658330382,1.2374359865526259,0.9286388035802717,0.9327919748763835,1.071769204649902,0.7853394191188907,0.9852604005495746,1.1341147996740177
d_large,0.34426645945870354,0.266468905299122,0.37685791306568056,0.2035406918653851,0.0,0.310845790240861,0.2999728193782023,0.2197151140925304,0.3025186370782685,0.363895733996411,0.23324120727848957,0.44512473461858304,1.187923492846902,0.8615939372606538,1.29134550626195,1.1975890571821233,1.120441234302682,1.0494339416501606,1.242565528763811,1.2510223032173886,1.1777497966925,1.1903621231070303,1.0927495463633774,1.0757952760871312,1.0604915579050491,0.9118343122413718,0.9430087443108822,1.0303016986632663,1.0601789562392816,1.029492449524942,1.1757387306951568,1.3553698911671799,1.1130197480673067,1.2900270274477472,1.3294046041009664,1.015061164964561,0.8982636863708734,1.3405171393168875,1.1903413509676977,0.9562184318113949,1.2410919651711052,1.2906618765941444
d_normal_rot90,0.26301618635081087,0.30936798053206993,0.3129743276376169,0.2932455042641731,0.310845790240861,0.0,0.25263906427991895,0.29213693245667965,0.27697931825397626,0.29549486800914154,0.38278205365144297,0.27443371251191456,1.0542953861813547,1.0927104873104718,1.3002091732944088,0.8342890502533614,1.0997789234216944,1.0144983940975631,1.0866937154965886,1.1352561610149452,1.0076181623263007,1.0451035855494395,1.1450798759797045,1.1710369684106634,1.310126989907287,1.0834805182516416,0.9647160534897553,0.9775298249977797,1.0532334278647706,1.0888057899216141,1.0023807642905957,0.8227487381073626,0.8412633129636149,1.3620117222563373,1.1099146961163537,1.1151984471263867,1.2382711859357134,1.0736899218045994,0.9264516136071078,0.9814631877442419,0.9026186809117421,1.198841242424722
q_normal,0.3114831291806043,0.3377133440450779,0.2737125441866369,0.2562507537893224,0.2999728193782023,0.25263906427991895,0.0,0.24412282443492095,0.2299203464062847,0.22506436238352792,0.2920008097076472,0.2808791019810847,1.0643743267631618,1.0890879406630583,1.2843779535194344,1.1492838028640255,1.130797244415448,1.0960635376127486,1.1445824687707817,1.2268384171427063,1.2038699674906552,1.3643049133393557,1.1916612990826676,1.255952026140347,1.250630196317639,1.0936871934630448,1.1242105991981237,1.0134654055006185,0.8823281186993076,1.0624443989781018,1.2346035545252023,0.9889776919347841,0.9599154717957716,0.931477353980251,1.0947920246137577,1.2182229121742492,0.9277598811361526,1.088761064010873,1.1796034670962454,1.0859417585239222,1.2194610672952466,1.1740334784042121
q_large,0.33754693002171743,0.25054641490955587,0.36773945910583905,0.2830710943913054,0.2197151140925304,0.29213693245667965,0.24412282443492095,0.0,0.33429375475150547,0.33987665311591747,0.2272934787982879,0.35159487764406505,1.2389449303284081,0.9886717530798955,1.4973507405275703,1.1612374990823626,1.2396517642870424,0.878611218847501,0.9956432716588707,0.9998059475239123,1.1495690572686545,1.1939875607758383,1.0656478540719971,1.1323949541439433,1.225690974345999,1.1287967220558461,1.070858100656024,1.42401656468078,1.4547583354372045,1.2185232392530474,1.2125047380253122,1.2844624805937794,0.9620552161477284,0.7203554638146843,1.1635781369210587,1.1240561310695267,0.9986599292518417,1.0258993672150962,1.0600454458745023,1.1977669376303597,1.277991339797393,1.1707583361856384
q_normal_rot90,0.28377810535690107,0.31433299067807813,0.2645294450131813,0.2701924416080848,0.3025186370782685,0.27697931825397626,0.2299203464062847,0.33429375475150547,0.0,0.2446823009043978,0.37046911780727715,0.26264785962327897,1.2879873682491862,1.2366229868248988,1.116458886271178,1.3310310608302616,1.3703518899805245,0.7282161750984688,1.0978406732057115,1.0563529065716597,1.057580270098735,0.9296537939550136,1.111947191678483,1.0855290560577011,0.9662856291896897,1.0487996083079447,0.8713576081569006,1.021887961936888,1.0396843660355923,1.0890460298510183,1.3427868983907376,0.6972961468391925,0.7236399083149192,1.0509840547076768,1.0045742872281562,1.0171487892950157,0.9224001690423727,1.358124488958231,0.9901733094064886,1.0746768511394271,1.2512828459027405,1.0080516318042538
p_normal,0.3095116088847735,0.40981141564335083,0.25448092525460264,0.30241270651489266,0.363895733996411,0.29549486800914154,0.22506436238352792,0.33987665311591747,0.2446823009043978,0.0,0.32250908805692546,0.30176914503523944,1.1220773089346605,0.9777674193725422,1.1245073095439613,1.2466446898055512,1.2502726960271247,1.1776914784418235,1.1879554821170837,1.226260386779281,0.834929731922789,0.8934441487308067,1.140282111270371,1.0123254971333226,1.3038452601402846,1.3138911377747071,1.20626113503211,1.0396901922518276,1.0934404641143955,1.0676723344088186,1.0253753383865836,0.9932427952940579,1.2209820405372511,0.9946177837061572,1.196425224003077,1.1595752788889138,0.9811410177361878,1.0290331695597534,1.1078871643607222,1.0195050212215122,1.1052572681848793,1.1236408466383556
p_large,0.3492246266349896,0.32726293595410105,0.3272988226106432,0.29937237249361603,0.23324120727848957,0.38278205365144297,0.2920008097076472,0.2272934787982879,0.37046911780727715,0.32250908805692546,0.0,0.31493218747627305,0.9792402894549802,1.1662603878110165,1.140990308870835,1.0286223125690004,1.196185199963368,1.2664678078263436,1.0106545181126725,1.0903738535810048,1.2569918612280349,1.2814207566602924,1.1346693728243145,1.2820118071646989,1.4220135876098703,1.087284634712884,1.2805607293044199,1.3195400819338077,1.2467802443542642,0.9922687041084302,1.1782181225454889,1.1908842517088871,1.009487000856744,0.759380686485209,1.2273419578244602,1.0675687763125037,1.2352447328799707,1.0956329745620779,1.0850522519690498,1.1666094624196055,1.2671966866657598,1.179476196865427
p_normal_rot90,0.2774976817936074,0.3869624044521249,0.2822743695189056,0.361804378763071,0.44512473461858304,0.27443371251191456,0.2808791019810847,0.35159487764406505,0.26264785962327897,0.30176914503523944,0.31493218747627305,0.0,1.2262173941097465,1.3246182087114384,1.0724368816583036,1.29623104350953,1.0039199422815253,0.7629407922589955,1.1756447876053489,1.158927259562467,1.3164556962025313,1.3395783886715074,1.1019943244256367,0.9390614259803044,1.0144241210207847,1.1623151550137167,0.9858620669373998,1.1065016879580902,1.2324735495911847,0.8002218919623239,1.1149659271508083,0.9182496883728394,1.4358693805720675,1.3029234881647245,0.9346798262181611,1.435293949398771,1.0454820953480184,1.079269497452303,1.059098504518595,1.3360023721847978,1.2436752932953992,1.1984389988037052
r_normal,1.0259231103951918,1.1450137041669837,1.2206702498646937,0.8672068627708289,1.187923492846902,1.0542953861813547,1.0643743267631618,1.2389449303284081,1.2879873682491862,1.1220773089346605,0.9792402894549802,1.2262173941097465,0.0,0.30798503375284286,0.2625872998611744,0.2457068246573532,0.27208178461281096,0.6052009563443097,0.7271300007199653,0.9656761571806947,1.0835456590289234,1.0015037099503323,0.8754721906154275,0.8179750174936068,1.2393142730994895,1.2487910253903665,1.3577930574506116,0.9642288370799359,0.7475440463357571,0.5700904286690848,0.7948932443114312,1.3695700768916865,0.9448329050142941,1.0501247052787905,1.021479850253945,1.0369067483368428,1.1792964376902308,0.9224890875796983,1.0101972412003564,0.8139659672144248,0.914543700233321,0.9367012581893933
r_large,0.9934281575654932,1.037288532253497,0.8651971693372132,1.0357489717126507,0.8615939372606538,1.0927104873104718,1.0890879406630583,0.9886717530798955,1.2366229868248988,0.9777674193725422,1.1662603878110165,1.3246182087114384,0.30798503375284286,0.0,0.3278364891140289,0.2784235745065739,0.30629465551505664,0.9163079352634691,1.0082537913851537,1.0405558344484627,1.012671748727817,1.0382918134171433,0.8951578396946204,0.9500402668747269,0.9082349498878062,1.0312011224953048,1.01243522241363,0.4453055158661271,0.5050869335652831,0.5407111045778946,0.704508847300716,0.6295204862856589,1.1900457537749485,0.9714546557256453,1.2531807437651266,1.2870456374497716,1.1557129422382917,0.9651415520872947,0.8126736197787345,1.2567921436885978,0.8441978769240923,0.770097241410492
r_normal_flip_h,0.7757142768180169,0.9841363119921389,0.8802267136203386,0.8424500242238714,1.29134550626195,1.3002091732944088,1.2843779535194344,1.4973507405275703,1.116458886271178,1.1245073095439613,1.140990308870835,1.0724368816583036,0.2625872998611744,0.3278364891140289,0.0,0.24333463267413685,0.22082548010620243,0.8098848771261787,0.9194577905534848,0.8595371598339986,0.9964506522545491,1.0334333312880375,0.8798966657068873,0.9357537464579284,1.1413942497881586,1.2354354756586372,1.0609050973588223,0.5409820833914074,0.5663370651703152,0.6127988591601533,0.7719338305598785,0.5526917130105539,1.086116284719904,1.22159705348974,0.939620920610904,0.9127665839611447,1.324067574981764,0.9330823291846376,1.2317631496502204,1.0034703034889985,0.8965821423384533,0.9869602739450958
r_normal_flip_v,1.1207000856773877,1.1511050259975002,1.4363670336996393,1.147537537401667,1.1975890571821233,0.8342890502533614,1.1492838028640255,1.1612374990823626,1.3310310608302616,1.2466446898055512,1.0286223125690004,1.29623104350953,0.2457068246573532,0.2784235745065739,0.24333463267413685,0.0,0.221048413659727,0.6989443806059508,1.0759539133732867,0.8779330725924954,0.749598790812071,0.8230659827777904,1.0121265119513665,0.8934508968872195,0.8331206358975495,1.0213954099973994,0.8796601157311295,0.8692370473452579,0.9674975087210061,0.8196717373171529,0.8293612713436397,0.719396329444502,1.1719171085324962,1.1697060952862524,1.2218516721845585,1.0931100831700153,0.9988535587674034,1.3924261085927627,1.1687452420391318,1.1284964571147427,0.92519098314367,1.2778965247853598
r_normal_rot90,1.0720231503718782,1.0631250288841039,1.1758279281348667,0.940012676406837,1.120441234302682,1.0997789234216944,1.130797244415448,1.2396517642870424,1.3703518899805245,1.2502726960271247,1.196185199963368,1.0039199422815253,0.27208178461281096,0.30629465551505664,0.22082548010620243,0.221048413659727,0.0,0.9726651047454882,0.9861297275378426,1.0156534808403845,1.0308684753991493,0.789127667249275,1.135249646580382,1.1187187969229941,1.0481524539654634,1.1778096938480238,1.2054405554288987,0.9352856479282501,1.376627656590771,0.8655525271916054,1.4293634914682214,0.8929477711975432,1.1721121091420106,1.2214839344059283,1.3119116052207231,1.1552126476955615,1.059504119808138,1.1649119151880478,1.4000041918489805,0.8958672213893634,0.869032374153031,1.2066405837944254
a_normal,0.975573173117143,1.0584895889521653,0.9975376801873082,1.0654321756682956,1.0494339416501606,1.0144983940975631,1.0960635376127486,0.878611218847501,0.7282161750984688,1.1776914784418235,1.2664678078263436,0.7629407922589955,0.6052009563443097,0.9163079352634691,0.8098848771261787,0.6989443806059508,0.9726651047454882,0.0,0.21822617810469955,0.24377749533359222,0.22589938330434983,0.21584654654703012,0.6546606232372469,0.4746555606419016,0.7819527858592796,0.3954015407919528,0.5048646746481044,1.0075320435270707,1.1123265838957894,1.0126829008561982,1.1044897668018983,0.9325341858949618,0.9142072127606001,1.1040864665089942,1.1329006277529583,0.9053192994583821,0.9776119181741462,0.8566726841304254,1.032908238533669,1.10361686732458,1.0321727316538767,0.922079576288521
a_large,1.2259421888201425,0.9015589612560163,1.0822972186058726,1.2688855459866812,1.242565528763811,1.0866937154965886,1.1445824687707817,0.9956432716588707,1.0978406732057115,1.1879554821170837,1.0106545181126725,1.1756447876053489,0.7271300007199653,1.0082537913851537,0.9194577905534848,1.0759539133732867,0.9861297275378426,0.21822617810469955,0.0,0.29030226721459007,0.34184627086374325,0.27137538265647065,0.5466135096194789,0.42362240847880234,0.6936778712635235,0.7017305788406184,0.5315813734009606,1.2740384279123251,1.0217593834710756,1.0570144929160685,1.3354506216898399,1.0764838313306182,0.8500582485947247,0.8938886415811469,0.8541304812761736,0.9919284713412025,1.1916604418854346,0.9567151026289906,1.04576083763091,0.9798411609904231,0.7778126749178222,1.2207359040845012
a_normal_flip_h,1.1501306445296924,1.2532836421694582,1.1810817161272,1.1568134781331292,1.2510223032173886,1.1352561610149452,1.2268384171427063,0.9998059475239123,1.0563529065716597,1.226260386779281,1.0903738535810048,1.158927259562467,0.9656761571806947,1.0405558344484627,0.8595371598339986,0.8779330725924954,1.0156534808403845,0.24377749533359222,0.29030226721459007,0.0,0.18751085930564185,0.20771760672924258,0.614890861111428,0.6514204654928359,0.8779074303190133,0.4537113120292443,0.4199917940846268,1.242734290637289,1.1607924100939775,1.40434729140811,1.4168613022180954,1.1295095547475436,1.0410125083241155,0.8816277461659271,0.9881045465927428,1.2501741418445602,1.2473215197375631,0.9788389328694056,1.162118200734766,1.0427087838095277,0.9258196934665364,1.1719741779588297
a_normal_flip_v,1.2899948701534811,1.0716625711183716,1.0628956207962077,1.0039172683081472,1.1777497966925,1.0076181623263007,1.2038699674906552,1.1495690572686545,1.057580270098735,0.834929731922789,1.2569918612280349,1.3164556962025313,1.0835456590289234,1.012671748727817,0.9964506522545491,0.749598790812071,1.0308684753991493,0.22589938330434983,0.34184627086374325,0.18751085930564185,0.0,0.21011466482567323,0.7424093980328106,0.6464041619169205,0.8603528276257689,0.3993506728023168,0.4827821400533965,1.1536168020000237,1.2899584210225798,1.2687803546025425,1.1581355400413211,1.125609783409524,1.1283539149966724,0.9763970376442043,0.957433850437074,1.3031799225704193,1.4390242005076224,1.032714726749595,0.9976613505283352,1.0410140640146384,1.1817819941606187,1.0667387121941763
a_normal_rot90,1.3992101324997794,1.2561095201324728,1.1778134108249834,1.0083740099183018,1.1903621231070303,1.0451035855494395,1.3643049133393557,1.1939875607758383,0.9296537939550136,0.8934441487308067,1.2814207566602924,1.3395783886715074,1.0015037099503323,1.0382918134171433,1.0334333312880375,0.8230659827777904,0.789127667249275,0.21584654654703012,0.27137538265647065,0.20771760672924258,0.21011466482567323,0.0,0.6242856403487496,0.5166825668853391,0.7313458180283832,0.46180857670320014,0.5354185129015225,0.9906030882318442,1.0092387759157475,1.1631470120484484,1.2555253201336827,0.9685298132223754,0.9402207445212478,1.2663447587649328,1.047180881003644,1.3654717539443832,1.351434045201275,1.1262044523009098,1.1804627910549426,0.9656220207442675,1.2291044142799705,1.0295524657996173
e_normal,1.1059116374078641,0.9756143456024808,0.9972216145259202,1.0462802218804328,1.0927495463633774,1.1450798759797045,1.1916612990826676,1.0656478540719971,1.111947191678483,1.140282111270371,1.1346693728243145,1.1019943244256367,0.8754721906154275,0.8951578396946204,0.8798966657068873,1.0121265119513665,1.135249646580382,0.6546606232372469,0.5466135096194789,0.614890861111428,0.7424093980328106,0.6242856403487496,0.0,0.2013031869848141,0.23326048181212924,0.2371120215969838,0.22726968519679186,1.2083110743121348,1.387724077856309,0.8572532324016706,1.3253957933212583,0.9454102023157528,1.0501992732547376,0.7340432363648897,0.9364412304233168,1.3255331907246821,0.9603526719709553,1.0936917224665144,1.265260071830637,0.8839593863795407,1.3286077664574005,1.230970690738177
e_large,1.0260925883799987,0.9413494730617619,1.0036048417794685,1.190810720134529,1.0757952760871312,1.1710369684106634,1.255952026140347,1.1323949541439433,1.0855290560577011,1.0123254971333226,1.2820118071646989,0.9390614259803044,0.8179750174936068,0.9500402668747269,0.9357537464579284,0.8934508968872195,1.1187187969229941,0.4746555606419016,0.42362240847880234,0.6514204654928359,0.6464041619169205,0.5166825668853391,0.2013031869848141,0.0,0.23951345761058232,0.2565097912950532,0.2932453138411004,1.2721439916905504,1.4119754965392217,0.9637655152488065,1.0050988607580695,0.7883569510089817,1.1534144907966382,1.158984468884012,1.0714125493926347,1.0262161098066094,0.8509844670244,0.8588047631738865,1.0543107470508057,1.0649561215940173,1.2085142469918249,0.9772672160620703
e_normal_flip_h,1.3643896888568832,1.4577042347931253,0.9642685076008916,0.9020919501498181,1.0604915579050491,1.310126989907287,1.250630196317639,1.225690974345999,0.9662856291896897,1.3038452601402846,1.4220135876098703,1.0144241210207847,1.2393142730994895,0.9082349498878062,1.1413942497881586,0.8331206358975495,1.0481524539654634,0.7819527858592796,0.6936778712635235,0.8779074303190133,0.8603528276257689,0.7313458180283832,0.23326048181212924,0.23951345761058232,0.0,0.2178051053850392,0.237942639150177,1.1125558540227998,1.0150312247608366,1.0281484428777243,1.375575527288765,1.1186440329774385,1.0278230211489994,0.7312283204881143,1.1256085558775295,1.1778767882184418,1.0769618264602199,0.852198679492425,1.017708305096519,1.1965655303040428,1.2314014730586242,1.2989866726587609
e_normal_flip_v,1.4009089507535373,1.0854240395802,1.101886189664726,1.039738644882059,0.9118343122413718,1.0834805182516416,1.0936871934630448,1.1287967220558461,1.0487996083079447,1.3138911377747071,1.087284634712884,1.1623151550137167,1.2487910253903665,1.0312011224953048,1.2354354756586372,1.0213954099973994,1.1778096938480238,0.3954015407919528,0.7017305788406184,0.4537113120292443,0.3993506728023168,0.46180857670320014,0.2371120215969838,0.2565097912950532,0.2178051053850392,0.0,0.2617240527019797,0.827584246700233,1.3573665589619592,0.9430309562139119,1.1570602043844822,0.8804766133643364,0.9145302579204149,0.949440933384106,0.9621514519511996,1.2414861513774553,1.155985705559887,1.0443207602083129,0.9980432719106821,0.8568189182226642,1.3318113409089454,1.161387480492516
e_normal_rot90,0.9601319763788301,0.9398488957599499,1.21151812841181,1.0346036717895386,0.9430087443108822,0.9647160534897553,1.1242105991981237,1.070858100656024,0.8713576081569006,1.20626113503211,1.2805607293044199,0.9858620669373998,1.3577930574506116,1.01243522241363,1.0609050973588223,0.8796601157311295,1.2054405554288987,0.5048646746481044,0.5315813734009606,0.4199917940846268,0.4827821400533965,0.5354185129015225,0.22726968519679186,0.2932453138411004,0.237942639150177,0.2617240527019797,0.0,1.1481011882886167,0.9438508277174438,1.1466747907404966,1.3059060141914247,0.8684165252654765,0.9562279982026441,1.0394925610554724,1.112468549775463,1.1459251329016054,1.0501685066990085,1.0746389980157096,1.0299940171371333,0.9458917742700151,0.9653089143929147,1.0594747665539699
f_normal,1.2330744786027035,1.1316830119318284,0.8928022753465225,1.1872017966998942,1.0303016986632663,0.9775298249977797,1.0134654055006185,1.42401656468078,1.021887961936888,1.0396901922518276,1.3195400819338077,1.1065016879580902,0.9642288370799359,0.4453055158661271,0.5409820833914074,0.8692370473452579,0.9352856479282501,1.0075320435270707,1.2740384279123251,1.242734290637289,1.1536168020000237,0.9906030882318442,1.2083110743121348,1.2721439916905504,1.1125558540227998,0.827584246700233,1.1481011882886167,0.0,0.3890195903585119,0.23710704838281452,0.25415983942838893,0.24558242404234668,0.9430017189275625,1.223330192756504,1.035677438885756,0.8387618090685733,1.140056498815554,0.8758630050304438,1.0489642878559913,1.1737441945755345,0.8948352793915646,1.0288209880869323
f_large,0.9834544020376198,1.153010924204472,1.1586327581891394,1.1787552499070937,1.0601789562392816,1.0532334278647706,0.8823281186993076,1.4547583354372045,1.0396843660355923,1.0934404641143955,1.2467802443542642,1.2324735495911847,0.7475440463357571,0.5050869335652831,0.5663370651703152,0.9674975087210061,1.376627656590771,1.1123265838957894,1.0217593834710756,1.1607924100939775,1.2899584210225798,1.0092387759157475,1.387724077856309,1.4119754965392217,1.0150312247608366,1.3573665589619592,0.9438508277174438,0.3890195903585119,0.0,0.42903462655638896,0.41705398454370657,0.3793565185789666,0.9611708527101877,1.181507985287208,1.1369727492689703,1.5209513791098397,1.4450662880536407,1.0997487003737365,1.1268310181405377,0.9287111996785464,1.1385489383987004,1.3780378373768114
f_normal_flip_h,0.997692483499879,1.1808220232265203,0.8248141309256476,1.268343337446602,1.029492449524942,1.0888057899216141,1.0624443989781018,1.2185232392530474,1.0890460298510183,1.0676723344088186,0.9922687041084302,0.8002218919623239,0.5700904286690848,0.5407111045778946,0.6127988591601533,0.8196717373171529,0.8655525271916054,1.0126829008561982,1.0570144929160685,1.40434729140811,1.2687803546025425,1.1631470120484484,0.8572532324016706,0.9637655152488065,1.0281484428777243,0.9430309562139119,1.1466747907404966,0.23710704838281452,0.42903462655638896,0.0,0.282465487655447,0.22853389694737106,0.9053778726056236,0.826039411063006,0.9269495786573289,0.9246501999660115,0.6860720513788554,0.9533337577854186,1.102719071002573,0.8314518508345716,0.7511630696855822,1.0444620270818312
f_normal_flip_v,1.0053636977438236,1.2711763016942017,1.0457128438217018,1.3600720939887714,1.1757387306951568,1.0023807642905957,1.2346035545252023,1.2125047380253122,1.3427868983907376,1.0253753383865836,1.1782181225454889,1.1149659271508083,0.7948932443114312,0.704508847300716,0.7719338305598785,0.8293612713436397,1.4293634914682214,1.1044897668018983,1.3354506216898399,1.4168613022180954,1.1581355400413211,1.2555253201336827,1.3253957933212583,1.0050988607580695,1.375575527288765,1.1570602043844822,1.3059060141914247,0.25415983942838893,0.41705398454370657,0.282465487655447,0.0,0.20924658327929385,0.9293741036890794,1.0360387746089643,1.0861490571062067,0.8389382850488758,0.9293741036890794,1.131479798075925,1.420416450213744,0.909553538768479,0.9678455617386555,0.8567194637871003
f_normal_rot90,0.9907533649645184,1.1020185146077655,1.250972100927088,1.4147952232152683,1.3553698911671799,0.8227487381073626,0.9889776919347841,1.2844624805937794,0.6972961468391925,0.9932427952940579,1.1908842517088871,0.9182496883728394,1.3695700768916865,0.6295204862856589,0.5526917130105539,0.719396329444502,0.8929477711975432,0.9325341858949618,1.0764838313306182,1.1295095547475436,1.125609783409524,0.9685298132223754,0.9454102023157528,0.7883569510089817,1.1186440329774385,0.8804766133643364,0.8684165252654765,0.24558242404234668,0.3793565185789666,0.22853389694737106,0.20924658327929385,0.0,0.8822933135973551,1.1522421089111932,1.0001439349289212,1.041780504101278,0.7303431118430267,1.0642926098860521,1.3272851702083948,1.0539493042655836,0.8178805714592235,1.1687378567571507
h_normal,0.9906519644998462,0.9577361927095094,0.9968389355882853,0.9203796179590942,1.1130197480673067,0.8412633129636149,0.9599154717957716,0.9620552161477284,0.7236399083149192,1.2209820405372511,1.009487000856744,1.4358693805720675,0.9448329050142941,1.1900457537749485,1.086116284719904,1.1719171085324962,1.1721121091420106,0.9142072127606001,0.8500582485947247,1.0410125083241155,1.1283539149966724,0.9402207445212478,1.0501992732547376,1.1534144907966382,1.0278230211489994,0.9145302579204149,0.9562279982026441,0.9430017189275625,0.9611708527101877,0.9053778726056236,0.9293741036890794,0.8822933135973551,0.0,0.30963750837697074,0.21009658597285455,0.23619075678945745,0.2417742107452641,0.9689682999444975,1.007191405801007,1.1594619666224404,1.0498287986499666,1.2071227777189086
h_large,1.1688371759664804,1.5190360986080251,0.9139937505536656,1.0537005259494838,1.2900270274477472,1.3620117222563373,0.931477353980251,0.7203554638146843,1.0509840547076768,0.9946177837061572,0.759380686485209,1.3029234881647245,1.0501247052787905,0.9714546557256453,1.22159705348974,1.1697060952862524,1.2214839344059283,1.1040864665089942,0.8938886415811469,0.8816277461659271,0.9763970376442043,1.2663447587649328,0.7340432363648897,1.158984468884012,0.7312283204881143,0.949440933384106,1.0394925610554724,1.223330192756504,1.181507985287208,0.826039411063006,1.0360387746089643,1.1522421089111932,0.30963750837697074,0.0,0.3203336617727372,0.33009849418822756,0.2867005736483991,1.2447689329557432,1.0556068821323017,0.8452040275204991,1.25447050762761,1.3505432977534217
h_normal_flip_h,1.1502951533938581,1.4005612485885435,1.2490591805622537,1.07877658330382,1.3294046041009664,1.1099146961163537,1.0947920246137577,1.1635781369210587,1.0045742872281562,1.196425224003077,1.2273419578244602,0.9346798262181611,1.021479850253945,1.2531807437651266,0.939620920610904,1.2218516721845585,1.3119116052207231,1.1329006277529583,0.8541304812761736,0.9881045465927428,0.957433850437074,1.047180881003644,0.9364412304233168,1.0714125493926347,1.1256085558775295,0.9621514519511996,1.112468549775463,1.035677438885756,1.1369727492689703,0.9269495786573289,1.0861490571062067,1.0001439349289212,0.21009658597285455,0.3203336617727372,0.0,0.2801861247234609,0.2535926995353737,1.0142064517430647,1.0471115461273754,1.066031371518668,1.071003866523775,1.0505890329161092
h_normal_flip_v,1.2062931878475815,1.2843846289250642,1.1316830119318284,1.2374359865526259,1.015061164964561,1.1151984471263867,1.2182229121742492,1.1240561310695267,1.0171487892950157,1.1595752788889138,1.0675687763125037,1.435293949398771,1.0369067483368428,1.2870456374497716,0.9127665839611447,1.0931100831700153,1.1552126476955615,0.9053192994583821,0.9919284713412025,1.2501741418445602,1.3031799225704193,1.3654717539443832,1.3255331907246821,1.0262161098066094,1.1778767882184418,1.2414861513774553,1.1459251329016054,0.8387618090685733,1.5209513791098397,0.9246501999660115,0.8389382850488758,1.041780504101278,0.23619075678945745,0.33009849418822756,0.2801861247234609,0.0,0.22228408854199008,1.3418349619003012,1.235645180444962,1.171545658332695,0.9352383949836778,1.0234084798314904
h_normal_rot90,0.969160401651031,1.2341742579934998,0.7004010579246536,0.9286388035802717,0.8982636863708734,1.2382711859357134,0.9277598811361526,0.9986599292518417,0.9224001690423727,0.9811410177361878,1.2352447328799707,1.0454820953480184,1.1792964376902308,1.1557129422382917,1.324067574981764,0.9988535587674034,1.059504119808138,0.9776119181741462,1.1916604418854346,1.2473215197375631,1.4390242005076224,1.351434045201275,0.9603526719709553,0.8509844670244,1.0769618264602199,1.155985705559887,1.0501685066990085,1.140056498815554,1.4450662880536407,0.6860720513788554,0.9293741036890794,0.7303431118430267,0.2417742107452641,0.2867005736483991,0.2535926995353737,0.22228408854199008,0.0,1.164271480572878,1.2577452543561223,0.8853592334304847,1.033806588165634,1.1973658735271986
k_normal,1.3807102894943168,1.0066721359828321,1.2064618578849258,0.9327919748763835,1.3405171393168875,1.0736899218045994,1.088761064010873,1.0258993672150962,1.358124488958231,1.0290331695597534,1.0956329745620779,1.079269497452303,0.9224890875796983,0.9651415520872947,0.9330823291846376,1.3924261085927627,1.1649119151880478,0.8566726841304254,0.9567151026289906,0.9788389328694056,1.032714726749595,1.1262044523009098,1.0936917224665144,0.8588047631738865,0.852198679492425,1.0443207602083129,1.0746389980157096,0.8758630050304438,1.0997487003737365,0.9533337577854186,1.131479798075925,1.0642926098860521,0.9689682999444975,1.2447689329557432,1.0142064517430647,1.3418349619003012,1.164271480572878,0.0,0.23368843009055826,0.20815568644900398,0.23228892885439759,0.21618264569023102
k_large,1.26988490271771,1.0750931351066186,1.2913984461690318,1.071769204649902,1.1903413509676977,0.9264516136071078,1.1796034670962454,1.0600454458745023,0.9901733094064886,1.1078871643607222,1.0850522519690498,1.059098504518595,1.0101972412003564,0.8126736197787345,1.2317631496502204,1.1687452420391318,1.4000041918489805,1.032908238533669,1.04576083763091,1.162118200734766,0.9976613505283352,1.1804627910549426,1.265260071830637,1.0543107470508057,1.017708305096519,0.9980432719106821,1.0299940171371333,1.0489642878559913,1.1268310181405377,1.102719071002573,1.420416450213744,1.3272851702083948,1.007191405801007,1.0556068821323017,1.0471115461273754,1.235645180444962,1.2577452543561223,0.23368843009055826,0.0,0.28577510052622435,0.27740957343355743,0.27786764148053583
k_normal_flip_h,1.327965454144814,0.8924075926692018,0.9520169572031809,0.7853394191188907,0.9562184318113949,0.9814631877442419,1.0859417585239222,1.1977669376303597,1.0746768511394271,1.0195050212215122,1.1666094624196055,1.3360023721847978,0.8139659672144248,1.2567921436885978,1.0034703034889985,1.1284964571147427,0.8958672213893634,1.10361686732458,0.9798411609904231,1.0427087838095277,1.0410140640146384,0.9656220207442675,0.8839593863795407,1.0649561215940173,1.1965655303040428,0.8568189182226642,0.9458917742700151,1.1737441945755345,0.9287111996785464,0.8314518508345716,0.909553538768479,1.0539493042655836,1.1594619666224404,0.8452040275204991,1.066031371518668,1.171545658332695,0.8853592334304847,0.20815568644900398,0.28577510052622435,0.0,0.21147532468584737,0.2516046325864984
k_normal_flip_v,1.3192852096882062,1.106648710311223,1.1573848760505525,0.9852604005495746,1.2410919651711052,0.9026186809117421,1.2194610672952466,1.277991339797393,1.2512828459027405,1.1052572681848793,1.2671966866657598,1.2436752932953992,0.914543700233321,0.8441978769240923,0.8965821423384533,0.92519098314367,0.869032374153031,1.0321727316538767,0.7778126749178222,0.9258196934665364,1.1817819941606187,1.2291044142799705,1.3286077664574005,1.2085142469918249,1.2314014730586242,1.3318113409089454,0.9653089143929147,0.8948352793915646,1.1385489383987004,0.7511630696855822,0.9678455617386555,0.8178805714592235,1.0498287986499666,1.25447050762761,1.071003866523775,0.9352383949836778,1.033806588165634,0.23228892885439759,0.27740957343355743,0.21147532468584737,0.0,0.22878205968066534
k_normal_rot90,1.1463350605699871,1.0529362067283283,1.2685313943419168,1.1341147996740177,1.2906618765941444,1.198841242424722,1.1740334784042121,1.1707583361856384,1.0080516318042538,1.1236408466383556,1.179476196865427,1.1984389988037052,0.9367012581893933,0.770097241410492,0.9869602739450958,1.2778965247853598,1.2066405837944254,0.922079576288521,1.2207359040845012,1.1719741779588297,1.0667387121941763,1.0295524657996173,1.230970690738177,0.9772672160620703,1.2989866726587609,1.161387480492516,1.0594747665539699,1.0288209880869323,1.3780378373768114,1.0444620270818312,0.8567194637871003,1.1687378567571507,1.2071227777189086,1.3505432977534217,1.0505890329161092,1.0234084798314904,1.1973658735271986,0.21618264569023102,0.27786764148053583,0.2516046325864984,0.22878205968066534,0.0
