,b_normal,b_large,b_normal_rot90,d_normal,d_large,d_normal_rot90,q_normal,q_large,q_normal_rot90,p_normal,p_large,p_normal_rot90,r_normal,r_large,r_normal_flip_h,r_normal_flip_v,r_normal_rot90,a_normal,a_large,a_normal_flip_h,a_normal_flip_v,a_normal_rot90,e_normal,e_large,e_normal_flip_h,e_normal_flip_v,e_normal_rot90,f_normal,f_large,f_normal_flip_h,f_normal_flip_v,f_normal_rot90,h_normal,h_large,h_normal_flip_h,h_normal_flip_v,h_normal_rot90,k_normal,k_large,k_normal_flip_h,k_normal_flip_v,k_normal_rot90
b_normal,0.0,0.3856895275326485,0.7566142812535093,0.3394260605496636,0.6192023190303932,0.4183867088395572,0.39443416212916826,0.6936837836179767,0.4092097004916444,0.3356222647212664,0.7128159481514007,0.5082202138541712,0.924533322864611,0.7551163143617617,0.8760507316155679,0.8634830523489151,0.9192788104203259,0.8883055575480918,0.7228768228160284,1.3059350390834956,0.9672751095782801,0.9674248787968718,1.3059693899703535,1.1741822096748358,0.981896223660117,1.0158491186183278,0.6527425403919748,1.0042714731801368,0.9514883242127476,0.9906535659564566,1.2433297200412745,1.2178164763568349,1.3491917256588755,0.8950525310479363,0.8431834536261155,1.0088312741625869,0.7032273710239103,1.070390084100895,1.2194323078849874,0.8044340056632648,0.7749984476868514,0.7747551632529724
b_large,0.3856895275326485,0.0,0.47624930117038555,0.4904377935828317,0.33996009921460335,0.5381721034332577,0.539235623152991,0.6133145222192198,0.42825443690625226,0.6347199162507806,0.5186483583557029,0.41763522390199737,0.9414442978948999,1.373283850504631,0.7187999931332222,1.1270629320428185,0.825565840795218,1.1063219070790706,0.832650574944892,1.2511108002190885,1.266658651440715,1.3756120525843267,1.032737059866753,1.018435180317335,0.8341019561008705,0.749603688951617,0.7515641714327523,1.1913911790687817,1.055753716709928,1.0834698456697707,1.2147815064912881,1.2039093457074648,1.2175474401100825,1.1073111536792068,1.4829921256390959,1.081761677232847,0.9561150560966327,0.8205051325320224,0.7886108859663166,0.9396545079920752,0.9406227159923753,1.0755857020338409
b_normal_rot90,0.7566142812535093,0.47624930117038555,0.0,0.4961204190544688,0.36800737814610784,0.3765349515719937,0.42176875081432497,0.6444839099860675,0.3834513640691231,0.5290513161724046,0.8227754465768502,0.47510174052488297,0.8984349470843954,1.1979256089206876,0.6026040690448236,1.284541093842515,0.9297818520078055,0.8477269830396232,1.096233883119674,1.1850165473332288,1.0147294172714383,1.0667258927854952,1.062710365545406,1.0776100824988883,0.7365712054305277,1.3668856669407918,1.0614989110245079,1.2405328608436839,0.9230681009650206,0.9917312970165357,1.0693916093097517,0.6095381335927763,1.2623665203450292,1.329375869242643,0.967310543300357,0.8590744168071078,0.8665188840694977,0.5910124886303828,0.8207532893602781,1.047344035390383,0.7455440191035925,0.6939998918192614
d_normal,0.3394260605496636,0.4904377935828317,0.4961204190544688,0.0,0.5017072362337205,0.4239132872285945,0.4455361115321296,0.5918810080308475,0.3870974155089063,0.4513305033035409,0.5579931414875517,0.35978390962874585,0.5858424566079916,0.7935835895314135,1.2005280003255585,0.72909747643737,0.60346538192774,0.6427195084988088,0.8864686429451353,1.3770654198866203,0.7188856824230075,0.8861413692535427,1.407216805098134,1.0690692816903058,1.0595125969307484,1.2253003138643335,1.1052620025370643,0.7717058876694114,0.6201472968413426,0.8605354240327528,0.9168290936450638,1.1476563506931199,0.9514286698326326,0.9465726851966796,1.1432374088272201,1.0199168458939878,0.8884326429291983,0.8426732707363707,1.03095346872274,1.0717217992397259,0.9884206467802045,0.8441957025263629
d_large,0.6192023190303932,0.33996009921460335,0.36800737814610784,0.5017072362337205,0.0,0.35071901768477265,0.45545871094935897,0.3967921875409356,0.503004548521991,0.46010884586069645,0.42224317609795814,0.5072411509649616,0.6716331777481533,1.1685061588094343,0.9752044536671386,1.2755015913881476,0.8389494520391099,0.7807107609298554,0.8556365048437756,1.2112319757335959,0.8117191840743451,1.1996396285703892,0.8970306581757501,0.8858125247293469,0.9279814027801473,1.215752590614402,1.1450171088251127,1.1919775332649054,0.76842814149449,0.8509759546967559,1.130579385793193,0.8160941946489385,1.190885789711792,0.8264592608806237,0.8799967835920568,0.9214197215189378,1.1750539939423486,0.7847249020986141,0.982546815156471,1.0008108856691513,0.9845649907202199,0.8161132067846233
d_normal_rot90,0.4183867088395572,0.5381721034332577,0.3765349515719937,0.4239132872285945,0.35071901768477265,0.0,0.4112071572831868,0.5216341237512092,0.40702074879624184,0.4979782752049978,0.4575582574919744,0.5838408185340006,1.0535323338280442,0.9735268670352656,0.7934159599848869,0.7843424873674367,0.7596420271829675,0.7822936149991363,1.1199152871744482,1.5262816539217423,0.7289078472053216,1.22283312501049,0.833987254751808,0.720590905358014,0.8032678372131229,0.9902931452891727,0.9114517863660634,1.0537193849841815,0.8285333572971213,0.9482258626598307,0.9895530616530466,0.6706405614389126,1.0867190440662022,1.0655355667250805,0.756098902611571,0.6909636033076798,0.8906989841370647,0.9044955588345952,1.1123505314731796,1.0417131667784736,1.060162560758117,0.9974409657935588
q_normal,0.39443416212916826,0.539235623152991,0.42176875081432497,0.4455361115321296,0.45545871094935897,0.4112071572831868,0.0,0.38370095713202523,0.5890491961398764,0.388741776271964,0.4202157170186174,0.4310532974008666,0.7040596727902675,0.8357288732077626,0.8121449812661528,0.7193833888841394,1.1054187685561652,1.3120798934584883,1.459912410410376,1.151116447998936,0.8865893468191489,1.247656604066171,1.0477929485975601,0.899375947567855,0.936990758111677,0.8493485159242269,0.8016428263882166,0.8516128169293549,0.6050976075458085,0.6142171153727622,0.8174673159730417,1.1478005724131009,1.3963235070246864,0.8055566865033279,0.8309862245404454,0.8558223498718966,1.1733071966462625,1.44984340571157,0.8959672338040603,0.8936620656473853,1.0583766619882888,0.9705829571826328
q_large,0.6936837836179767,0.6133145222192198,0.6444839099860675,0.5918810080308475,0.3967921875409356,0.5216341237512092,0.38370095713202523,0.0,0.608284000014406,0.5954571401106723,0.31480575597468163,0.4186292075723363,0.6333453532074369,0.891935107569156,0.7732231713942869,0.8437818300311382,1.1191287112365178,0.9791850508616671,1.0577609051771228,0.9411458527107701,1.099937107617869,1.2913981957548875,1.180525829632321,1.3186939802746254,0.9578623426719579,0.7954482471800987,0.8501750186525836,0.9494494240583304,0.750239200606455,0.9425728930613472,0.974628117362409,0.9760689552779355,0.4825450522187256,0.5497986362116293,1.2333379235942612,1.229504245812293,0.8136874074003749,0.8292524059851619,0.8704209207248256,0.8144898735353896,0.6571764580841339,0.8137180587155726
q_normal_rot90,0.4092097004916444,0.42825443690625226,0.3834513640691231,0.3870974155089063,0.503004548521991,0.40702074879624184,0.5890491961398764,0.608284000014406,0.0,0.3946528031983947,0.42025978871901676,0.3552871885860789,0.9585732705920176,0.7656677725281692,0.8089126878871233,0.8203701271349693,0.727730910662242,0.7475773323974572,1.1383769612072376,1.2103433575614653,0.8041670248796788,0.8392453545865541,1.192865655615146,1.0796563383671025,0.7737844211695686,0.9681680421245761,1.2734093883586548,0.9802542923454598,0.8812051621041896,0.9765656970581782,1.2161134404907152,1.2720452188583862,1.070148546970729,0.7976501985112173,1.4225473989188933,1.2307370202255905,0.6988404189573019,1.0659676536259322,0.8605184548054788,0.774463670944716,0.9579135849330529,1.1051416599636312
p_normal,0.3356222647212664,0.6347199162507806,0.5290513161724046,0.4513305033035409,0.46010884586069645,0.4979782752049978,0.388741776271964,0.5954571401106723,0.3946528031983947,0.0,0.38614730536262787,0.3743793731931733,0.8721031074080042,0.8979044831572349,0.9915150336815342,1.2164139835483696,0.8545879490866332,0.958064039524833,1.0886954186521678,0.9004653466214608,0.9836055642876879,1.0424300586749071,0.9412201882511195,1.0423171865605148,0.9762716353548015,1.0962401746183963,1.0600275405868493,0.8486167682396509,0.7422870687300569,0.6258059249475282,1.1599919444394247,1.2419638982563945,1.1907649933211297,0.7542035357837905,0.7168555064914867,0.832875913214179,0.7247493539724011,1.033335278511485,0.8626080983151174,0.9223110863253886,1.0663140870551142,0.8977985661331458
p_large,0.7128159481514007,0.5186483583557029,0.8227754465768502,0.5579931414875517,0.42224317609795814,0.4575582574919744,0.4202157170186174,0.31480575597468163,0.42025978871901676,0.38614730536262787,0.0,0.4316911054985869,0.7293194100683409,0.9428144484053816,0.863440218476643,0.9900842871423619,0.7993149838610424,0.9787143529262132,1.146005738579071,0.8125797073575116,1.4156511581244158,1.4940973973463123,1.0400678205148706,1.134747208381032,0.8972582622003755,1.1261052844952124,1.091728324743489,0.9045149351783874,0.6663901019263816,0.8814985265588307,1.0623040769593766,0.8390314036739677,0.7085298652881478,0.7459821307036486,1.139871533447053,1.2865154466759705,0.891080601293764,0.8336012327388783,0.8753672789973079,0.8222173547151095,0.8603876157102652,0.7984431244938405
p_normal_rot90,0.5082202138541712,0.41763522390199737,0.47510174052488297,0.35978390962874585,0.5072411509649616,0.5838408185340006,0.4310532974008666,0.4186292075723363,0.3552871885860789,0.3743793731931733,0.4316911054985869,0.0,0.7962393651222529,1.0048663042738084,1.2550147098315203,0.6062806801619737,1.230019420680731,1.0626849318389864,1.4279285598551539,1.239770949810324,0.8742545228780546,1.1922526216731306,1.2712587920636746,1.2075365091410366,0.8654499915157141,0.8842957067543707,1.1065711080878418,1.1419389838724416,0.8327790952346084,0.9659024013168801,1.2226293501836887,0.9262516759228487,0.5277249442446602,0.5544305957954411,0.9120544422749572,1.0622780550709607,0.8427965369428031,0.7232810061802022,1.217945403154943,1.191419315527871,0.8478823770607266,0.767657734712027
r_normal,0.924533322864611,0.9414442978948999,0.8984349470843954,0.5858424566079916,0.6716331777481533,1.0535323338280442,0.7040596727902675,0.6333453532074369,0.9585732705920176,0.8721031074080042,0.7293194100683409,0.7962393651222529,0.0,0.3266129287085748,0.4341823252162803,0.330054590392785,0.31617837448630226,0.8206220374358957,0.8649560734105997,0.7474114514002151,0.8742882581506932,0.9959434044004551,0.8670768832539676,0.9060459212614407,0.7475195224036546,0.7807210259236711,0.5490786284158757,0.8313760706649066,0.5131473609177618,0.8376722163949779,0.8305217374572774,0.9158213719297909,0.8215233372742899,0.7449642400149692,1.3279427970117725,1.3129469327409942,0.5795471273998449,1.0168896791016704,0.8094904447794441,0.8664638009436105,0.9171125294136898,0.9764113405217274
r_large,0.7551163143617617,1.373283850504631,1.1979256089206876,0.7935835895314135,1.1685061588094343,0.9735268670352656,0.8357288732077626,0.891935107569156,0.7656677725281692,0.8979044831572349,0.9428144484053816,1.0048663042738084,0.3266129287085748,0.0,0.49269918034426485,0.35170793436019276,0.43598521910609306,0.7088766424291615,0.7944528633405985,0.7606661551581897,1.0308116947903005,0.8977526640989835,0.9053973666529077,0.720640670621521,0.8851299870737165,0.8453697439839443,0.7344169916938893,0.6346070571710315,0.896772516741056,0.7262223482638829,0.7805188669265395,0.7585242196307804,1.0667805196438362,0.7381446985277483,0.7606650179800989,0.7959274327932222,0.8016502999384154,0.8600060105954525,0.8987795173091097,0.7335359333557365,0.7620451390264902,0.775124738724546
r_normal_flip_h,0.8760507316155679,0.7187999931332222,0.6026040690448236,1.2005280003255585,0.9752044536671386,0.7934159599848869,0.8121449812661528,0.7732231713942869,0.8089126878871233,0.9915150336815342,0.863440218476643,1.2550147098315203,0.4341823252162803,0.49269918034426485,0.0,0.3465238945860443,0.3670528307082387,0.8844813457290202,1.0590609429688613,0.9509571958065186,1.1469891985911342,1.2001399369261714,0.8062827531829366,0.6460747083903194,0.79852083159492,0.9132686375634782,0.7244861373362022,0.7765563973571086,0.6641857367215727,1.1686954764295812,1.053433953848307,0.912659593637012,0.9901229055560887,0.9945808193992447,1.2229845279255693,0.9665478572483743,0.9447769030472778,0.7354615761896134,0.834285598439255,0.8921019345898145,0.8866998395284226,1.0352171541258242
r_normal_flip_v,0.8634830523489151,1.1270629320428185,1.284541093842515,0.72909747643737,1.2755015913881476,0.7843424873674367,0.7193833888841394,0.8437818300311382,0.8203701271349693,1.2164139835483696,0.9900842871423619,0.6062806801619737,0.330054590392785,0.35170793436019276,0.3465238945860443,0.0,0.4235508090876453,0.7810816967407813,1.0470515862439305,0.8169578065235619,0.9602834062497232,0.714006750920431,0.9177004604373599,0.838708749370304,0.9737019829006563,0.7522208335519665,1.037617772223047,0.8604809535130523,0.8845971897947367,0.8694255463080736,1.024444130417614,0.9074756890719704,0.7134689026283182,0.9611271317027773,0.6749789555612044,1.2836226301790497,1.0106640537929639,0.7594759914400815,0.9215573348276996,0.7113469005994735,0.903542236989163,0.998807215675239
r_normal_rot90,0.9192788104203259,0.825565840795218,0.9297818520078055,0.60346538192774,0.8389494520391099,0.7596420271829675,1.1054187685561652,1.1191287112365178,0.727730910662242,0.8545879490866332,0.7993149838610424,1.230019420680731,0.31617837448630226,0.43598521910609306,0.3670528307082387,0.4235508090876453,0.0,0.9083560353617268,0.7379921502964122,0.8628125898494399,0.6227609200932365,0.6228181749671446,1.2010593099520477,0.7828367256748638,0.7254088339680567,0.5382640357408137,0.976554335646116,0.7579907614315193,0.6947746625424333,0.7532907676840378,0.6070088189668364,0.9740256074187007,0.8869389884292473,0.8789434232628789,0.84824589434574,0.8168345815256896,0.9574679781404578,0.9926410297916344,0.6408641433923864,0.660018120836792,0.796894671350017,1.0269363027168636
a_normal,0.8883055575480918,1.1063219070790706,0.8477269830396232,0.6427195084988088,0.7807107609298554,0.7822936149991363,1.3120798934584883,0.9791850508616671,0.7475773323974572,0.958064039524833,0.9787143529262132,1.0626849318389864,0.8206220374358957,0.7088766424291615,0.8844813457290202,0.7810816967407813,0.9083560353617268,0.0,0.31372425676040283,0.6121530671974805,0.3392224872924109,0.3644341531419059,0.9240500172670846,0.8497303237495841,1.0147248898325092,1.072738287087744,1.1212425731072624,0.8657264425480715,0.8176902029333425,1.1578016424740962,1.146724481899481,1.1505492705123483,0.9092361433998541,0.9610049282593134,0.5988617420868341,0.9247592225989518,0.8977624624581022,0.7010646269878784,1.0801342933484055,0.9506836300659561,0.8776957276820796,1.025861766181099
a_large,0.7228768228160284,0.832650574944892,1.096233883119674,0.8864686429451353,0.8556365048437756,1.1199152871744482,1.459912410410376,1.0577609051771228,1.1383769612072376,1.0886954186521678,1.146005738579071,1.4279285598551539,0.8649560734105997,0.7944528633405985,1.0590609429688613,1.0470515862439305,0.7379921502964122,0.31372425676040283,0.0,0.3516018101907054,0.3637382135729945,0.4068935028704926,0.8482038728512792,0.7129539026649487,1.2102295198684228,1.1482048561085556,1.3158760412893369,0.79341061520341,0.9385187937415495,0.8786435398988184,0.9316282827805862,0.8747512344892145,0.8256577323037545,1.086324629355601,0.8741923657319925,1.16835314338536,0.8030018474456846,0.7763150869363151,1.2093273381885212,1.2810985861053248,0.6998918545057056,1.0805761742209876
a_normal_flip_h,1.3059350390834956,1.2511108002190885,1.1850165473332288,1.3770654198866203,1.2112319757335959,1.5262816539217423,1.151116447998936,0.9411458527107701,1.2103433575614653,0.9004653466214608,0.8125797073575116,1.239770949810324,0.7474114514002151,0.7606661551581897,0.9509571958065186,0.8169578065235619,0.8628125898494399,0.6121530671974805,0.3516018101907054,0.0,0.41419762502601454,0.37771809813264684,0.8563711425991489,1.1730844328120702,1.2023371849329547,0.696645551104742,1.4198029529530674,1.0750469342359235,0.8062182316504103,0.6639267063802918,0.7116953658443284,0.9202718778725577,0.9151430578286518,0.9249861362617652,0.8874565640342833,0.9183223007029729,1.1851835247653832,0.9794454672480647,1.2041626773167757,1.4942090858274073,0.7755958103856573,1.3185400223069088
a_normal_flip_v,0.9672751095782801,1.266658651440715,1.0147294172714383,0.7188856824230075,0.8117191840743451,0.7289078472053216,0.8865893468191489,1.099937107617869,0.8041670248796788,0.9836055642876879,1.4156511581244158,0.8742545228780546,0.8742882581506932,1.0308116947903005,1.1469891985911342,0.9602834062497232,0.6227609200932365,0.3392224872924109,0.3637382135729945,0.41419762502601454,0.0,0.32590465447419165,0.9664762096646925,0.8659603052064758,0.9937479744083341,0.9593366329516304,1.0424104928495652,0.7537691188641706,0.9981832973180671,0.9466014387213383,1.1270629320428185,1.0173151191719418,0.7313650412763282,0.985615933869311,0.5886401180851324,0.5907497217237345,0.8435214771845833,0.8861533832331542,0.7047534153026591,0.6717936970697507,0.9151956509233085,0.9925741920253545
a_normal_rot90,0.9674248787968718,1.3756120525843267,1.0667258927854952,0.8861413692535427,1.1996396285703892,1.22283312501049,1.247656604066171,1.2913981957548875,0.8392453545865541,1.0424300586749071,1.4940973973463123,1.1922526216731306,0.9959434044004551,0.8977526640989835,1.2001399369261714,0.714006750920431,0.6228181749671446,0.3644341531419059,0.4068935028704926,0.37771809813264684,0.32590465447419165,0.0,0.903825113022801,1.050900229642787,0.8166794182412854,0.9402407429915238,1.2796801535347466,1.070369965922132,0.9233019767291171,0.9176881559563066,0.9312498179192716,0.9895358493499966,1.0272189442192616,0.9090932760038593,0.7489797991593804,1.1192335686740642,0.818624926653313,0.8347119785351823,1.0609625423099147,1.2920948425024377,1.1220077868136638,1.0769805180930292
e_normal,1.3059693899703535,1.032737059866753,1.062710365545406,1.407216805098134,0.8970306581757501,0.833987254751808,1.0477929485975601,1.180525829632321,1.192865655615146,0.9412201882511195,1.0400678205148706,1.2712587920636746,0.8670768832539676,0.9053973666529077,0.8062827531829366,0.9177004604373599,1.2010593099520477,0.9240500172670846,0.8482038728512792,0.8563711425991489,0.9664762096646925,0.903825113022801,0.0,0.3768576405310079,0.33165638415336257,0.33865520507905106,0.37331424375965594,0.8069222038820549,1.2930582976477085,0.8474745750828122,0.8127085641541175,0.8626207222511558,1.1831006095253407,1.362092664868558,0.7810856607043234,1.0626946400141812,1.0481522759105215,0.5434203003135414,0.9545200253506434,0.844445599825992,0.742621259446468,0.8083565444688777
e_large,1.1741822096748358,1.018435180317335,1.0776100824988883,1.0690692816903058,0.8858125247293469,0.720590905358014,0.899375947567855,1.3186939802746254,1.0796563383671025,1.0423171865605148,1.134747208381032,1.2075365091410366,0.9060459212614407,0.720640670621521,0.6460747083903194,0.838708749370304,0.7828367256748638,0.8497303237495841,0.7129539026649487,1.1730844328120702,0.8659603052064758,1.050900229642787,0.3768576405310079,0.0,0.40464156812888025,0.37810558689738744,0.3575551404927544,0.9363993030185509,0.9327661755408319,1.0217450307815519,0.7347557580419639,0.8645054180945734,1.2579787969871825,0.7014207970077757,0.8909392360289975,0.9560662734659949,0.6940857053355276,0.8299485369560436,1.173016814581696,0.8704091000380634,1.2166621662569725,1.3152238968444672
e_normal_flip_h,0.981896223660117,0.8341019561008705,0.7365712054305277,1.0595125969307484,0.9279814027801473,0.8032678372131229,0.936990758111677,0.9578623426719579,0.7737844211695686,0.9762716353548015,0.8972582622003755,0.8654499915157141,0.7475195224036546,0.8851299870737165,0.79852083159492,0.9737019829006563,0.7254088339680567,1.0147248898325092,1.2102295198684228,1.2023371849329547,0.9937479744083341,0.8166794182412854,0.33165638415336257,0.40464156812888025,0.0,0.3399314024912093,0.4962472634604447,1.1421168759056577,0.8057778272603764,1.418546752574236,0.7563768171581685,1.1228878725762321,0.8531340176854726,0.8161952452474827,0.7786617060721538,1.0541567132224463,0.6760751107194618,0.8070147837878066,1.2917762417027054,0.9933775438728895,0.8229081584654139,0.9131811658297835
e_normal_flip_v,1.0158491186183278,0.749603688951617,1.3668856669407918,1.2253003138643335,1.215752590614402,0.9902931452891727,0.8493485159242269,0.7954482471800987,0.9681680421245761,1.0962401746183963,1.1261052844952124,0.8842957067543707,0.7807210259236711,0.8453697439839443,0.9132686375634782,0.7522208335519665,0.5382640357408137,1.072738287087744,1.1482048561085556,0.696645551104742,0.9593366329516304,0.9402407429915238,0.33865520507905106,0.37810558689738744,0.3399314024912093,0.0,0.43249351937375846,0.8552790681012652,0.9389415137623022,0.9064370765173697,1.0891571759715224,0.7418548005063639,1.1312652601513336,0.6757045261601651,1.0082285725306497,0.8951594565422126,0.6878401768689901,1.2004954607725407,0.8593764958533816,1.143049749254379,1.2291387738809962,1.2884011270322187
e_normal_rot90,0.6527425403919748,0.7515641714327523,1.0614989110245079,1.1052620025370643,1.1450171088251127,0.9114517863660634,0.8016428263882166,0.8501750186525836,1.2734093883586548,1.0600275405868493,1.091728324743489,1.1065711080878418,0.5490786284158757,0.7344169916938893,0.7244861373362022,1.037617772223047,0.976554335646116,1.1212425731072624,1.3158760412893369,1.4198029529530674,1.0424104928495652,1.2796801535347466,0.37331424375965594,0.3575551404927544,0.4962472634604447,0.43249351937375846,0.0,1.066881640972702,0.9122940948137119,0.7586040070787422,1.2386713798676763,0.831637675358761,0.8326426145134755,0.7154796305047818,0.8542708719616653,0.9052631770390204,0.6034600429465748,0.9695066342848541,0.7540908486183671,1.2125011131475183,0.9000198812654917,1.1974706855021933
f_normal,1.0042714731801368,1.1913911790687817,1.2405328608436839,0.7717058876694114,1.1919775332649054,1.0537193849841815,0.8516128169293549,0.9494494240583304,0.9802542923454598,0.8486167682396509,0.9045149351783874,1.1419389838724416,0.8313760706649066,0.6346070571710315,0.7765563973571086,0.8604809535130523,0.7579907614315193,0.8657264425480715,0.79341061520341,1.0750469342359235,0.7537691188641706,1.070369965922132,0.8069222038820549,0.9363993030185509,1.1421168759056577,0.8552790681012652,1.066881640972702,0.0,0.410963839549041,0.3955557280704986,0.3129788592706078,0.3728198778653331,1.232635205096413,1.048055902753904,0.8623089884410695,0.7638882410660767,0.7948322919604351,0.909978508119181,0.9309546675414517,0.907096571689329,0.8951988362977596,1.1095842767679098
f_large,0.9514883242127476,1.055753716709928,0.9230681009650206,0.6201472968413426,0.76842814149449,0.8285333572971213,0.6050976075458085,0.750239200606455,0.8812051621041896,0.7422870687300569,0.6663901019263816,0.8327790952346084,0.5131473609177618,0.896772516741056,0.6641857367215727,0.8845971897947367,0.6947746625424333,0.8176902029333425,0.9385187937415495,0.8062182316504103,0.9981832973180671,0.9233019767291171,1.2930582976477085,0.9327661755408319,0.8057778272603764,0.9389415137623022,0.9122940948137119,0.410963839549041,0.0,0.37589211867363015,0.5733832203495797,0.36057929762629437,1.0330386083608627,1.0710154137196817,0.8841012515097845,1.0893377350558953,0.7628259459749666,0.9768087925043827,0.703439742277767,0.8658205726950449,0.8959415161867,1.0173037953776207
f_normal_flip_h,0.9906535659564566,1.0834698456697707,0.9917312970165357,0.8605354240327528,0.8509759546967559,0.9482258626598307,0.6142171153727622,0.9425728930613472,0.9765656970581782,0.6258059249475282,0.8814985265588307,0.9659024013168801,0.8376722163949779,0.7262223482638829,1.1686954764295812,0.8694255463080736,0.7532907676840378,1.1578016424740962,0.8786435398988184,0.6639267063802918,0.9466014387213383,0.9176881559563066,0.8474745750828122,1.0217450307815519,1.418546752574236,0.9064370765173697,0.7586040070787422,0.3955557280704986,0.37589211867363015,0.0,0.32755835271982575,0.35250820589167875,1.0266951653763259,1.0158745410098453,1.0172624955834166,0.9334515669821133,0.7561580179933214,0.6719054279744373,0.8436387162502799,0.9032739925709647,0.8257730250493762,0.9146059567399325
f_normal_flip_v,1.2433297200412745,1.2147815064912881,1.0693916093097517,0.9168290936450638,1.130579385793193,0.9895530616530466,0.8174673159730417,0.974628117362409,1.2161134404907152,1.1599919444394247,1.0623040769593766,1.2226293501836887,0.8305217374572774,0.7805188669265395,1.053433953848307,1.024444130417614,0.6070088189668364,1.146724481899481,0.9316282827805862,0.7116953658443284,1.1270629320428185,0.9312498179192716,0.8127085641541175,0.7347557580419639,0.7563768171581685,1.0891571759715224,1.2386713798676763,0.3129788592706078,0.5733832203495797,0.32755835271982575,0.0,0.45164191378613056,1.0873170850180578,0.9271496969466881,0.9492553935923194,0.7203128005242186,0.5679480420647643,0.7614866791955601,1.1370291145956537,0.721788984856454,0.8252289839505211,1.1222471143318424
f_normal_rot90,1.2178164763568349,1.2039093457074648,0.6095381335927763,1.1476563506931199,0.8160941946489385,0.6706405614389126,1.1478005724131009,0.9760689552779355,1.2720452188583862,1.2419638982563945,0.8390314036739677,0.9262516759228487,0.9158213719297909,0.7585242196307804,0.912659593637012,0.9074756890719704,0.9740256074187007,1.1505492705123483,0.8747512344892145,0.9202718778725577,1.0173151191719418,0.9895358493499966,0.8626207222511558,0.8645054180945734,1.1228878725762321,0.7418548005063639,0.831637675358761,0.3728198778653331,0.36057929762629437,0.35250820589167875,0.45164191378613056,0.0,0.8931353753505882,0.990223142990224,1.1079789829313982,0.6896667639453692,0.973990640726286,0.8466902209378292,0.7700672411860062,0.7880687077898645,1.0291563864276754,0.8933902680282495
h_normal,1.3491917256588755,1.2175474401100825,1.2623665203450292,0.9514286698326326,1.190885789711792,1.0867190440662022,1.3963235070246864,0.4825450522187256,1.070148546970729,1.1907649933211297,0.7085298652881478,0.5277249442446602,0.8215233372742899,1.0667805196438362,0.9901229055560887,0.7134689026283182,0.8869389884292473,0.9092361433998541,0.8256577323037545,0.9151430578286518,0.7313650412763282,1.0272189442192616,1.1831006095253407,1.2579787969871825,0.8531340176854726,1.1312652601513336,0.8326426145134755,1.232635205096413,1.0330386083608627,1.0266951653763259,1.0873170850180578,0.8931353753505882,0.0,0.40666814883388835,0.3522934773961775,0.3936802738359591,0.3614739699149688,0.6033008300152238,0.6177108538883156,0.6764098784525855,0.647213914336484,0.6744232006658787
h_large,0.8950525310479363,1.1073111536792068,1.329375869242643,0.9465726851966796,0.8264592608806237,1.0655355667250805,0.8055566865033279,0.5497986362116293,0.7976501985112173,0.7542035357837905,0.7459821307036486,0.5544305957954411,0.7449642400149692,0.7381446985277483,0.9945808193992447,0.9611271317027773,0.8789434232628789,0.9610049282593134,1.086324629355601,0.9249861362617652,0.985615933869311,0.9090932760038593,1.362092664868558,0.7014207970077757,0.8161952452474827,0.6757045261601651,0.7154796305047818,1.048055902753904,1.0710154137196817,1.0158745410098453,0.9271496969466881,0.990223142990224,0.40666814883388835,0.0,0.46167844662986096,0.41878717870274124,0.37680381567486976,1.248517412945136,0.9056104821945894,0.5959004960782859,0.6948082820640614,0.8351344713735269
h_normal_flip_h,0.8431834536261155,1.4829921256390959,0.967310543300357,1.1432374088272201,0.8799967835920568,0.756098902611571,0.8309862245404454,1.2333379235942612,1.4225473989188933,0.7168555064914867,1.139871533447053,0.9120544422749572,1.3279427970117725,0.7606650179800989,1.2229845279255693,0.6749789555612044,0.84824589434574,0.5988617420868341,0.8741923657319925,0.8874565640342833,0.5886401180851324,0.7489797991593804,0.7810856607043234,0.8909392360289975,0.7786617060721538,1.0082285725306497,0.8542708719616653,0.8623089884410695,0.8841012515097845,1.0172624955834166,0.9492553935923194,1.1079789829313982,0.3522934773961775,0.46167844662986096,0.0,0.36151439440254934,0.38101600854607975,0.47739677683685877,0.8806725698861214,0.6640484669836121,0.7601115913840739,0.7406568620866747
h_normal_flip_v,1.0088312741625869,1.081761677232847,0.8590744168071078,1.0199168458939878,0.9214197215189378,0.6909636033076798,0.8558223498718966,1.229504245812293,1.2307370202255905,0.832875913214179,1.2865154466759705,1.0622780550709607,1.3129469327409942,0.7959274327932222,0.9665478572483743,1.2836226301790497,0.8168345815256896,0.9247592225989518,1.16835314338536,0.9183223007029729,0.5907497217237345,1.1192335686740642,1.0626946400141812,0.9560662734659949,1.0541567132224463,0.8951594565422126,0.9052631770390204,0.7638882410660767,1.0893377350558953,0.9334515669821133,0.7203128005242186,0.6896667639453692,0.3936802738359591,0.41878717870274124,0.36151439440254934,0.0,0.42107571920142683,0.750522511777914,0.9583564180762956,1.0066708320762805,1.0001463174784835,0.9994202328973103
h_normal_rot90,0.7032273710239103,0.9561150560966327,0.8665188840694977,0.8884326429291983,1.1750539939423486,0.8906989841370647,1.1733071966462625,0.8136874074003749,0.6988404189573019,0.7247493539724011,0.891080601293764,0.8427965369428031,0.5795471273998449,0.8016502999384154,0.9447769030472778,1.0106640537929639,0.9574679781404578,0.8977624624581022,0.8030018474456846,1.1851835247653832,0.8435214771845833,0.818624926653313,1.0481522759105215,0.6940857053355276,0.6760751107194618,0.6878401768689901,0.6034600429465748,0.7948322919604351,0.7628259459749666,0.7561580179933214,0.5679480420647643,0.973990640726286,0.3614739699149688,0.37680381567486976,0.38101600854607975,0.42107571920142683,0.0,1.3379974969148167,0.8068782045429292,0.9896035131569723,0.7114829193714582,0.726234561533613
k_normal,1.070390084100895,0.8205051325320224,0.5910124886303828,0.8426732707363707,0.7847249020986141,0.9044955588345952,1.44984340571157,0.8292524059851619,1.0659676536259322,1.033335278511485,0.8336012327388783,0.7232810061802022,1.0168896791016704,0.8600060105954525,0.7354615761896134,0.7594759914400815,0.9926410297916344,0.7010646269878784,0.7763150869363151,0.9794454672480647,0.8861533832331542,0.8347119785351823,0.5434203003135414,0.8299485369560436,0.8070147837878066,1.2004954607725407,0.9695066342848541,0.909978508119181,0.9768087925043827,0.6719054279744373,0.7614866791955601,0.8466902209378292,0.6033008300152238,1.248517412945136,0.47739677683685877,0.750522511777914,1.3379974969148167,0.0,0.4484628306910916,0.45155111356773264,0.377879373988563,0.4150204767757494
k_large,1.2194323078849874,0.7886108859663166,0.8207532893602781,1.03095346872274,0.982546815156471,1.1123505314731796,0.8959672338040603,0.8704209207248256,0.8605184548054788,0.8626080983151174,0.8753672789973079,1.217945403154943,0.8094904447794441,0.8987795173091097,0.834285598439255,0.9215573348276996,0.6408641433923864,1.0801342933484055,1.2093273381885212,1.2041626773167757,0.7047534153026591,1.0609625423099147,0.9545200253506434,1.173016814581696,1.2917762417027054,0.8593764958533816,0.7540908486183671,0.9309546675414517,0.703439742277767,0.8436387162502799,1.1370291145956537,0.7700672411860062,0.6177108538883156,0.9056104821945894,0.8806725698861214,0.9583564180762956,0.8068782045429292,0.4484628306910916,0.0,0.3184275117664948,0.3556180249591604,0.4463510114516134
k_normal_flip_h,0.8044340056632648,0.9396545079920752,1.047344035390383,1.0717217992397259,1.0008108856691513,1.0417131667784736,0.8936620656473853,0.8144898735353896,0.774463670944716,0.9223110863253886,0.8222173547151095,1.191419315527871,0.8664638009436105,0.7335359333557365,0.8921019345898145,0.7113469005994735,0.660018120836792,0.9506836300659561,1.2810985861053248,1.4942090858274073,0.6717936970697507,1.2920948425024377,0.844445599825992,0.8704091000380634,0.9933775438728895,1.143049749254379,1.2125011131475183,0.907096571689329,0.8658205726950449,0.9032739925709647,0.721788984856454,0.7880687077898645,0.6764098784525855,0.5959004960782859,0.6640484669836121,1.0066708320762805,0.9896035131569723,0.45155111356773264,0.3184275117664948,0.0,0.3465499502670399,0.43967502416606424
k_normal_flip_v,0.7749984476868514,0.9406227159923753,0.7455440191035925,0.9884206467802045,0.9845649907202199,1.060162560758117,1.0583766619882888,0.6571764580841339,0.9579135849330529,1.0663140870551142,0.8603876157102652,0.8478823770607266,0.9171125294136898,0.7620451390264902,0.8866998395284226,0.903542236989163,0.796894671350017,0.8776957276820796,0.6998918545057056,0.7755958103856573,0.9151956509233085,1.1220077868136638,0.742621259446468,1.2166621662569725,0.8229081584654139,1.2291387738809962,0.9000198812654917,0.8951988362977596,0.8959415161867,0.8257730250493762,0.8252289839505211,1.0291563864276754,0.647213914336484,0.6948082820640614,0.7601115913840739,1.0001463174784835,0.7114829193714582,0.377879373988563,0.3556180249591604,0.3465499502670399,0.0,0.3214305226689671
k_normal_rot90,0.7747551632529724,1.0755857020338409,0.6939998918192614,0.8441957025263629,0.8161132067846233,0.9974409657935588,0.9705829571826328,0.8137180587155726,1.1051416599636312,0.8977985661331458,0.7984431244938405,0.767657734712027,0.9764113405217274,0.775124738724546,1.0352171541258242,0.998807215675239,1.0269363027168636,1.025861766181099,1.0805761742209876,1.3185400223069088,0.9925741920253545,1.0769805180930292,0.8083565444688777,1.3152238968444672,0.9131811658297835,1.2884011270322187,1.1974706855021933,1.1095842767679098,1.0173037953776207,0.9146059567399325,1.1222471143318424,0.8933902680282495,0.6744232006658787,0.8351344713735269,0.7406568620866747,0.9994202328973103,0.726234561533613,0.4150204767757494,0.4463510114516134,0.43967502416606424,0.3214305226689671,0.0
