,b_normal,b_large,b_normal_rot90,d_normal,d_large,d_normal_rot90,q_normal,q_large,q_normal_rot90,p_normal,p_large,p_normal_rot90,r_normal,r_large,r_normal_flip_h,r_normal_flip_v,r_normal_rot90,a_normal,a_large,a_normal_flip_h,a_normal_flip_v,a_normal_rot90,e_normal,e_large,e_normal_flip_h,e_normal_flip_v,e_normal_rot90,f_normal,f_large,f_normal_flip_h,f_normal_flip_v,f_normal_rot90,h_normal,h_large,h_normal_flip_h,h_normal_flip_v,h_normal_rot90,k_normal,k_large,k_normal_flip_h,k_normal_flip_v,k_normal_rot90
b_normal,0.0,0.2367881101645706,0.4677273535185355,0.40739445701941496,0.49490449108298495,0.4494944635821113,0.5017177843380308,0.5505763029065711,0.346523055489738,0.38322834806006567,0.45688752250195447,0.3920152304882721,0.42164207869317655,0.46375850393067936,0.5606923707950819,0.8330041899370614,0.5419393821626863,0.6097413945931205,0.7541601445678882,0.9690898289928931,0.9559994748947022,1.2229943858218504,0.5378306591872466,0.4494251218919181,0.8180180921024961,0.7084995883643886,0.5301599682476946,0.3282739733495303,0.5522522029465713,0.6229530068490114,0.8980742488106255,0.7434804838755329,0.4020205664094561,0.4670880265107238,0.7031663481170594,0.7572016497574069,0.7029578259083408,0.5265374799479825,0.5271179073138098,0.8701465302742923,0.8536093644806785,0.902090067427936
b_large,0.2367881101645706,0.0,0.3996068204114473,0.37446825142374857,0.3305080362368195,0.4816680556807913,0.47821669300189584,0.31526182417404347,0.3097880411098304,0.4605340034522236,0.3305346952376212,0.5031106733595443,0.4775383179342795,0.3027930870693688,0.6377529661096877,0.7043078796101716,0.5613937177286379,0.5694659027714426,0.42707230690613374,0.9097501818387105,0.9236442618469121,0.7570018474302432,0.4836315589134531,0.39828674881294907,0.9842161285246712,0.6558629782138836,0.8502288184851993,0.47365426355843476,0.3705760685437234,0.7344693232373902,0.8170286931993402,0.9016758447700913,0.4385231486312445,0.38812574996166027,1.0424120276373758,0.7391826805190046,0.7131325446695861,0.5034720133397564,0.293063351165821,0.7680589666957007,1.0031860654735094,0.7553792982654195
b_normal_rot90,0.4677273535185355,0.3996068204114473,0.0,0.40771314247017665,0.7071802553684865,0.4577414828394115,0.6099406823108549,0.5183094280608923,0.2787599094163195,0.5966454379207585,0.5204088062825054,0.3158552980330583,0.9960817067360593,0.7878702519548401,0.7277944112888663,1.0720585909712435,0.8576393031474854,0.6921287905473275,0.8209051015814849,1.2227657251562918,1.1198429895319306,0.7438235884572856,0.6906593327055459,0.5524233300986464,0.9488038250267361,0.9692193557975572,1.1123906339830558,0.7116366831438296,0.7194481075920282,0.8072633589268469,1.017541253512775,1.055350998008991,0.6366723065970981,0.619556860105906,0.8276118796084792,0.8302628379770214,0.5441242950922205,0.6852254846435466,0.7523706619826532,0.8495039754060345,0.5952116455527453,1.094971880771995
d_normal,0.40739445701941496,0.37446825142374857,0.40771314247017665,0.0,0.24188663728834667,0.5278936736950424,0.42205351588501366,0.47521290518976333,0.5919952060804786,0.3460863225986304,0.4296529148528034,0.2959054646984878,0.6370777183856627,0.7400564120762796,0.7164417910714848,0.580139510364448,0.8094545055261593,0.4372267204549816,0.5283543262871767,0.7187958544385374,0.6023346933487814,0.48615105124135527,0.35974176611601033,0.4402474731214115,0.8081297002862806,0.7625277628232948,0.6738767491587978,0.49726524987077536,0.5285943342110412,0.8335491723807049,0.4857999350031476,0.6703652592001218,0.9225885683729736,0.6950662409527297,0.8036739464854366,0.7909268411452774,0.7867530674915949,0.3873756762877256,0.46997213559522244,0.5197680642677516,0.9146289173631814,0.7064096808441365
d_large,0.49490449108298495,0.3305080362368195,0.7071802553684865,0.24188663728834667,0.0,0.36281957428295475,0.5537465497220191,0.31288262353759705,0.6962885740875543,0.42795861765648846,0.34816891695254265,0.36781414029990483,0.5116625278976901,0.49476073690891004,1.2312533727622175,1.0461076402883136,0.8139422615130524,0.53436095642325,0.34896134741787405,0.7493219282797983,0.8138571629521354,0.669732341531545,0.47318214256506025,0.4172344880915564,0.6865564903080938,0.7583931755881078,1.1842095926586549,0.44951815692617997,0.3934747352143927,1.1450081158580756,1.0113678243886972,0.9437750551298423,0.46269942440495204,0.4637354994976981,0.6667503860537506,0.7519601426106088,0.6157230285505743,0.593831806043143,0.34630306589126547,0.8144099237053558,0.8791572420024831,0.668598327990966
d_normal_rot90,0.4494944635821113,0.4816680556807913,0.4577414828394115,0.5278936736950424,0.36281957428295475,0.0,0.3690902490239649,0.5978934948356421,0.3528796649991684,0.468691221844885,0.4415724785774312,0.625259094051551,0.8543697237852477,0.688322064388,0.7161621524062396,0.9776150949954898,1.3866538438118974,0.6017946634069965,0.7052261607969667,0.9531521486766883,0.955776557107634,0.5065012375607454,0.7702207788173318,0.6655362229917069,1.0631472780527371,1.0357248592014512,1.0691844374762063,0.4647412736991316,0.8099121262852724,0.9022487077383542,1.0740889697997504,1.3782258983431652,0.8433033642377122,0.7152184595034258,0.8188461123041719,0.9761307025962735,0.9300376310176952,0.8248800938637757,0.661845813169135,1.1129478540832463,1.1757468729331733,1.0182133480501645
q_normal,0.5017177843380308,0.47821669300189584,0.6099406823108549,0.42205351588501366,0.5537465497220191,0.3690902490239649,0.0,0.24267121891604204,0.5072480555187312,0.32887022693319695,0.34145548160060774,0.49551484993047396,0.8473724222052019,0.4687865068237463,0.591513080102642,0.7073204344466006,1.157604356158482,0.6875802791993625,0.8414306603406027,0.6309796297547532,1.0394561326888516,0.5762531087489776,0.7699354179729326,0.5711473687873666,0.7592522454007401,0.8536849509315735,0.7911415486298763,0.5077761114673938,0.8948490901633175,0.8338822897127616,1.501585940937721,1.050713359634895,0.5479379615454532,0.7534174091564425,0.5164156348719604,1.0788243631196055,0.9606104653511623,0.5719343472551752,0.8796120705051451,1.1955336957361618,1.1384824005289267,1.0319248225568012
q_large,0.5505763029065711,0.31526182417404347,0.5183094280608923,0.47521290518976333,0.31288262353759705,0.5978934948356421,0.24267121891604204,0.0,0.5386552158954961,0.38118045686768426,0.27985795107927236,0.4457072258042704,0.5470541614322456,0.41042665042894877,0.6741604351663835,0.798325555608767,0.7171407347792642,0.6925300957331262,0.34132746520846236,0.8868268455674606,0.8753361726824522,1.0884327484423255,0.7232997795208302,0.44734211288362236,0.7687042343251693,0.6997554976206724,0.6397965094487806,0.37483171913124336,1.0571085903553181,1.1136468879171335,0.8343442495904319,0.6234227621848543,0.7999350531313016,0.6420434390151059,0.7024390131949111,0.8563499990339787,0.8234031111427554,0.6170491444831387,0.7364748805943196,0.8734102706149841,0.9734920282595624,0.9498922109608414
q_normal_rot90,0.346523055489738,0.3097880411098304,0.2787599094163195,0.5919952060804786,0.6962885740875543,0.3528796649991684,0.5072480555187312,0.5386552158954961,0.0,0.7850585027902219,0.40427439658908887,0.4242393597769339,0.9428639043386056,0.8943244268519275,0.8196746313093548,1.0084594115723275,0.5253879065439083,0.6109507333374,1.2336453426376321,1.4390359725127921,1.3688420990889034,0.9096493200006333,0.8708875794444064,0.9812783067535656,0.8959478633473332,0.5143309898305826,1.1793931036713474,0.7488479825175668,0.5986705609393979,0.9744876465412622,0.9867156312566159,0.9586670734056305,0.6197610284320854,0.7957182597133651,0.8882983162548268,1.1841861854819642,0.8881193077206742,0.728098505015549,0.5148134671085799,0.7052623292263539,0.8066125013903512,0.9764465405434681
p_normal,0.38322834806006567,0.4605340034522236,0.5966454379207585,0.3460863225986304,0.42795861765648846,0.468691221844885,0.32887022693319695,0.38118045686768426,0.7850585027902219,0.0,0.24881717093229253,0.3985102609647283,0.6497498009565273,1.00681369001052,0.7330896945544154,0.6083716080937551,0.9643810845995668,0.5494719117736279,0.518351781006186,0.9178034475360594,0.9441999480918999,0.6646982758730383,0.3437506368670688,0.4734001313077423,0.997157623900829,0.5821486850915699,0.60658554009862,0.4446871609737866,0.551315628678735,1.0620521822757214,0.604276210970772,0.9461037533953229,0.657616263156844,0.5396241617989025,0.6142800648460551,0.7383817496424695,0.9612545848109155,0.5406323369236915,0.5384031281865592,0.6364987699727533,0.7386753375104038,0.6409048942988886
p_large,0.45688752250195447,0.3305346952376212,0.5204088062825054,0.4296529148528034,0.34816891695254265,0.4415724785774312,0.34145548160060774,0.27985795107927236,0.40427439658908887,0.24881717093229253,0.0,0.4836170574509124,0.5570013056827334,0.4055589021254542,0.8403170430364275,0.6931974956875843,0.7532775135651855,0.4675014864530806,0.3174135984399009,0.9212011284820053,0.7763411352321595,1.0560381002856487,0.4742621077791887,0.30261496525921183,0.869019198572916,0.8024239936148989,0.5885929558256838,0.5387184546291848,0.28581091100821754,0.7863206868384238,0.8927146022137793,0.8314592358460284,0.7073297334794507,0.38724266896931553,0.5799718720093784,0.7733715548163362,0.6876107495191401,0.5314060834040703,0.34096789557147195,0.653321455587168,0.660168577565155,0.6943485597142205
p_normal_rot90,0.3920152304882721,0.5031106733595443,0.3158552980330583,0.2959054646984878,0.36781414029990483,0.625259094051551,0.49551484993047396,0.4457072258042704,0.4242393597769339,0.3985102609647283,0.4836170574509124,0.0,0.7539244338276762,0.8862194267960624,0.8297256791224636,0.9680536225137764,0.79883221605032,0.48234897599150917,0.6813002190195969,0.7994327715305088,0.7123037894459973,0.709949751780637,0.5547430888885879,0.6892569597110143,0.8072898828901094,0.6210463006897489,0.7601975221969899,0.735559824634012,0.72382466367042,1.0870911176679834,0.7944441364878203,1.0812917415749042,0.909774588576652,0.606040266044162,0.7611656372114637,0.8063185209411453,0.34338646274220347,0.7166450438570173,0.6480711904709013,0.8922990194273379,1.0213028467632366,1.0664177381781665
r_normal,0.42164207869317655,0.4775383179342795,0.9960817067360593,0.6370777183856627,0.5116625278976901,0.8543697237852477,0.8473724222052019,0.5470541614322456,0.9428639043386056,0.6497498009565273,0.5570013056827334,0.7539244338276762,0.0,0.25474136979654655,0.3463491981065103,0.2730281556736816,0.38115194402301816,0.4883661622146326,0.43682185014917535,0.5310591047856245,0.7837252528733274,0.6670999925931556,0.5440844038601351,0.4948218142565594,0.9525381955378353,1.2191036139714302,0.9811384188242649,0.6427393340251305,0.6924727638466085,0.6493765415497608,1.083048614979722,1.0545493158123804,0.8151381634617456,0.5632446544275489,0.7288727927519846,0.6187112858217537,0.5442178276645174,0.4953259381276191,0.529134384063114,0.7194423663918699,0.5536100159238444,1.030271149143195
r_large,0.46375850393067936,0.3027930870693688,0.7878702519548401,0.7400564120762796,0.49476073690891004,0.688322064388,0.4687865068237463,0.41042665042894877,0.8943244268519275,1.00681369001052,0.4055589021254542,0.8862194267960624,0.25474136979654655,0.0,0.37265190094077044,0.4226791056793082,0.3815854852105407,0.40131393927435255,0.3273180075007151,0.533253152306161,0.7300361238830053,0.5810859287862254,0.5715894140925025,0.47866109164742926,0.9503717873184873,0.6327397262199966,0.8645030281065589,0.5638965261018872,0.5443276737495283,0.6440992141776876,0.920639738049844,0.8323628195567465,0.5024501116135326,0.414382900655872,0.9314984695121572,0.7527726331842619,1.0002239421251058,0.4400639852349582,0.607311208041008,0.8530392211883306,0.82002957721528,0.6772091635250574
r_normal_flip_h,0.5606923707950819,0.6377529661096877,0.7277944112888663,0.7164417910714848,1.2312533727622175,0.7161621524062396,0.591513080102642,0.6741604351663835,0.8196746313093548,0.7330896945544154,0.8403170430364275,0.8297256791224636,0.3463491981065103,0.37265190094077044,0.0,0.2830526133591822,0.2955763932042161,0.5300254750195643,1.4441576024402576,0.5791632750897454,0.8222635314518392,0.5896283755430256,1.6115433182745382,1.5623596071635724,1.5388313267952345,0.6357298898867596,1.2320465183577567,0.7638124041510638,0.6704998230671138,0.5250525712656491,0.6583914213485235,0.7327643144090039,0.9727732642111871,0.8057928440032534,0.769364764753754,0.7144160346607883,1.1641468464503106,0.7830520957979902,0.9717728453314153,1.3888366484754617,0.9736587645230378,1.1896256105553649
r_normal_flip_v,0.8330041899370614,0.7043078796101716,1.0720585909712435,0.580139510364448,1.0461076402883136,0.9776150949954898,0.7073204344466006,0.798325555608767,1.0084594115723275,0.6083716080937551,0.6931974956875843,0.9680536225137764,0.2730281556736816,0.4226791056793082,0.2830526133591822,0.0,0.2618730636495017,0.5341119137644076,1.4789907749576336,0.5226916987943436,0.6560120760821412,0.503784875221907,1.5181915056604292,1.1526592989626594,0.9831004716576679,0.6380909153210016,0.4983357777428163,0.7736843918494581,0.6282840810086204,0.8176474049673439,0.5067224763693774,0.7626919987552463,0.6591386302156848,0.8223135054761199,0.8312004117246627,0.7530735437631069,1.0865139522344327,0.5370302912611714,0.9296124050472461,1.008479389235626,0.9891010739744274,0.5493082292994432
r_normal_rot90,0.5419393821626863,0.5613937177286379,0.8576393031474854,0.8094545055261593,0.8139422615130524,1.3866538438118974,1.157604356158482,0.7171407347792642,0.5253879065439083,0.9643810845995668,0.7532775135651855,0.79883221605032,0.38115194402301816,0.3815854852105407,0.2955763932042161,0.2618730636495017,0.0,0.5088578625495616,0.535629967333754,0.8529363069674512,0.8964932829848383,0.6808183932418608,0.8366954987716455,0.8934053784362531,1.2868188565709089,0.6718683205338325,0.6795463084633376,0.5461049694076252,0.7082803574015478,1.1099026636460299,0.7425107387247523,0.8769442144561053,0.4834055515791038,0.6358833954728641,0.8297401052386845,0.8746770952543029,0.6000695765034,0.520956154236739,1.0203557356274258,0.9641739271861949,1.0370785930052209,0.6757241265298947
a_normal,0.6097413945931205,0.5694659027714426,0.6921287905473275,0.4372267204549816,0.53436095642325,0.6017946634069965,0.6875802791993625,0.6925300957331262,0.6109507333374,0.5494719117736279,0.4675014864530806,0.48234897599150917,0.4883661622146326,0.40131393927435255,0.5300254750195643,0.5341119137644076,0.5088578625495616,0.0,0.2526975456501889,0.34766946209076344,0.3706109955270253,0.28180286606617844,0.5456953570072044,0.6213135384272349,0.7078271293440509,0.6186981286472218,0.6269559611554777,0.7818495902066219,0.4825361427578524,0.6137972492764588,0.663979708794787,0.7541453612930484,0.3670501813228282,0.6937429990432,0.7888837205464987,0.5472241036817737,0.7047877536249386,0.5154718762943631,0.49262317849898096,1.0188171680944813,0.8087517936060886,0.6802221386726288
a_large,0.7541601445678882,0.42707230690613374,0.8209051015814849,0.5283543262871767,0.34896134741787405,0.7052261607969667,0.8414306603406027,0.34132746520846236,1.2336453426376321,0.518351781006186,0.3174135984399009,0.6813002190195969,0.43682185014917535,0.3273180075007151,1.4441576024402576,1.4789907749576336,0.535629967333754,0.2526975456501889,0.0,0.4328460013270483,0.4843505208150662,0.37611242968364716,0.414250318450871,0.4951115146546507,0.8512639619809759,0.7080949725632271,0.9005879318502741,0.48741525338340463,0.3774281179410722,0.7018774959412413,0.6936545895072698,0.6724434737054859,0.5409523762220171,0.46483753189676263,0.7474689292620571,0.6897170889953227,0.7199193853819973,0.4211786313362021,0.37097105428125543,0.6853410435856085,0.7967474639587367,0.658666727260341
a_normal_flip_h,0.9690898289928931,0.9097501818387105,1.2227657251562918,0.7187958544385374,0.7493219282797983,0.9531521486766883,0.6309796297547532,0.8868268455674606,1.4390359725127921,0.9178034475360594,0.9212011284820053,0.7994327715305088,0.5310591047856245,0.533253152306161,0.5791632750897454,0.5226916987943436,0.8529363069674512,0.34766946209076344,0.4328460013270483,0.0,0.2762301709841907,0.32961732613896727,0.8805974906612287,0.6791504704438664,1.0064993279126793,0.40637332535352716,0.9184138078617418,0.8232967586360669,0.8256928540378556,1.1762146145917516,0.6562905987442529,0.7826392358470934,1.2507943510068302,0.888613967699957,0.8630299043373276,1.4782236673803233,0.754939104054903,0.8293235923102628,0.8743041123899666,1.2180986340852442,1.497546775957487,1.23977274504509
a_normal_flip_v,0.9559994748947022,0.9236442618469121,1.1198429895319306,0.6023346933487814,0.8138571629521354,0.955776557107634,1.0394561326888516,0.8753361726824522,1.3688420990889034,0.9441999480918999,0.7763411352321595,0.7123037894459973,0.7837252528733274,0.7300361238830053,0.8222635314518392,0.6560120760821412,0.8964932829848383,0.3706109955270253,0.4843505208150662,0.2762301709841907,0.0,0.321404081024355,0.7310734156271549,1.0189087684478775,0.8087274138577123,0.9643717285949908,0.9964082540931194,1.0287082529991531,0.6405078410408263,1.2235685284684648,0.8247436500014983,0.9432164378729465,0.8731143755569043,0.8641775499313153,1.0022759081158845,0.6716380590557008,0.6774941355747871,0.9848568364267584,0.7233999457660297,1.1629063411320018,1.1395132242433854,1.280046286025658
a_normal_rot90,1.2229943858218504,0.7570018474302432,0.7438235884572856,0.48615105124135527,0.669732341531545,0.5065012375607454,0.5762531087489776,1.0884327484423255,0.9096493200006333,0.6646982758730383,1.0560381002856487,0.709949751780637,0.6670999925931556,0.5810859287862254,0.5896283755430256,0.503784875221907,0.6808183932418608,0.28180286606617844,0.37611242968364716,0.32961732613896727,0.321404081024355,0.0,0.4906866020064406,0.847507392080435,0.7092999427126742,0.49669942866080136,0.46625505678614454,0.7152903961540854,0.5439079734730168,0.595066175663994,0.5202736188643189,0.8442713799722699,0.6390616282567597,0.8075317513771385,0.9976425609388901,0.7654342813210748,0.871163960776616,0.6794248892727801,0.6749561372934224,1.0664198265522955,0.5953185877379497,1.2043936697971818
e_normal,0.5378306591872466,0.4836315589134531,0.6906593327055459,0.35974176611601033,0.47318214256506025,0.7702207788173318,0.7699354179729326,0.7232997795208302,0.8708875794444064,0.3437506368670688,0.4742621077791887,0.5547430888885879,0.5440844038601351,0.5715894140925025,1.6115433182745382,1.5181915056604292,0.8366954987716455,0.5456953570072044,0.414250318450871,0.8805974906612287,0.7310734156271549,0.4906866020064406,0.0,0.2539838034414363,0.38611065303799635,0.30847202584981587,0.2819747181305602,0.6856655087491499,0.45603413766134326,0.9994260378242749,0.7071576588610458,1.0607557525733422,0.7958541120625992,0.648946897171073,1.0332583071850534,1.108762472682952,1.2808007943380142,0.47629306925163456,0.4218746634434648,0.6343250474578435,0.6946651114895686,0.5900453807546379
e_large,0.4494251218919181,0.39828674881294907,0.5524233300986464,0.4402474731214115,0.4172344880915564,0.6655362229917069,0.5711473687873666,0.44734211288362236,0.9812783067535656,0.4734001313077423,0.30261496525921183,0.6892569597110143,0.4948218142565594,0.47866109164742926,1.5623596071635724,1.1526592989626594,0.8934053784362531,0.6213135384272349,0.4951115146546507,0.6791504704438664,1.0189087684478775,0.847507392080435,0.2539838034414363,0.0,0.5049950861132347,0.42121875292826944,0.3977556809744861,0.4265963436377789,0.45951589128460113,0.8240246012805211,0.6693884868031734,0.6604831614164918,0.5882650137164418,0.41282785634305075,0.8043299364088122,0.8143211474748706,0.7431442164756079,0.4769473070332998,0.4399605113024361,0.5832028231700884,0.590626675331294,0.788747372958061
e_normal_flip_h,0.8180180921024961,0.9842161285246712,0.9488038250267361,0.8081297002862806,0.6865564903080938,1.0631472780527371,0.7592522454007401,0.7687042343251693,0.8959478633473332,0.997157623900829,0.869019198572916,0.8072898828901094,0.9525381955378353,0.9503717873184873,1.5388313267952345,0.9831004716576679,1.2868188565709089,0.7078271293440509,0.8512639619809759,1.0064993279126793,0.8087274138577123,0.7092999427126742,0.38611065303799635,0.5049950861132347,0.0,0.32040604122540367,0.30335015833818063,0.6715293572637807,0.8004073507538749,0.4871415940077621,0.6598982390972135,0.6657406295659433,0.6567249367187772,0.7950161586981708,1.0547122510949152,0.9556188766422488,0.8105584421822294,0.6576026222798872,0.8070272641324041,0.905203714531815,0.8035915547223591,0.8800450008743983
e_normal_flip_v,0.7084995883643886,0.6558629782138836,0.9692193557975572,0.7625277628232948,0.7583931755881078,1.0357248592014512,0.8536849509315735,0.6997554976206724,0.5143309898305826,0.5821486850915699,0.8024239936148989,0.6210463006897489,1.2191036139714302,0.6327397262199966,0.6357298898867596,0.6380909153210016,0.6718683205338325,0.6186981286472218,0.7080949725632271,0.40637332535352716,0.9643717285949908,0.49669942866080136,0.30847202584981587,0.42121875292826944,0.32040604122540367,0.0,0.30261860709396954,0.6553945541850411,0.6738379432387411,0.8380557842201929,0.6075169903336914,0.544776787080378,1.0193482694512823,0.9836407573378482,1.3624329277037321,1.3021004571554928,1.2703425504848718,0.7594249363102632,0.7456393879001115,0.669625630309241,0.7129752241424058,0.970364841155743
e_normal_rot90,0.5301599682476946,0.8502288184851993,1.1123906339830558,0.6738767491587978,1.1842095926586549,1.0691844374762063,0.7911415486298763,0.6397965094487806,1.1793931036713474,0.60658554009862,0.5885929558256838,0.7601975221969899,0.9811384188242649,0.8645030281065589,1.2320465183577567,0.4983357777428163,0.6795463084633376,0.6269559611554777,0.9005879318502741,0.9184138078617418,0.9964082540931194,0.46625505678614454,0.2819747181305602,0.3977556809744861,0.30335015833818063,0.30261860709396954,0.0,0.45174117617677834,0.5964583541995555,0.8302225705151672,0.8600242159831394,0.597518978086489,0.4382524134881361,0.6217708054513893,1.3598075312116296,0.7778397192796658,0.9193468352937217,0.6401506379050995,0.8135161219591576,0.6672656246163221,0.5219080553331872,0.6841210977694663
f_normal,0.3282739733495303,0.47365426355843476,0.7116366831438296,0.49726524987077536,0.44951815692617997,0.4647412736991316,0.5077761114673938,0.37483171913124336,0.7488479825175668,0.4446871609737866,0.5387184546291848,0.735559824634012,0.6427393340251305,0.5638965261018872,0.7638124041510638,0.7736843918494581,0.5461049694076252,0.7818495902066219,0.48741525338340463,0.8232967586360669,1.0287082529991531,0.7152903961540854,0.6856655087491499,0.4265963436377789,0.6715293572637807,0.6553945541850411,0.45174117617677834,0.0,0.2570061863676113,0.2985252752967979,0.346453182177996,0.3082391766611803,0.7227996756986803,0.41164297411004763,0.6796437619678833,0.7613021277886135,0.6100690720754145,0.4358592944420876,0.4493548014863287,0.6413307852108021,0.8805883905258609,0.8427474712558708
f_large,0.5522522029465713,0.3705760685437234,0.7194481075920282,0.5285943342110412,0.3934747352143927,0.8099121262852724,0.8948490901633175,1.0571085903553181,0.5986705609393979,0.551315628678735,0.28581091100821754,0.72382466367042,0.6924727638466085,0.5443276737495283,0.6704998230671138,0.6282840810086204,0.7082803574015478,0.4825361427578524,0.3774281179410722,0.8256928540378556,0.6405078410408263,0.5439079734730168,0.45603413766134326,0.45951589128460113,0.8004073507538749,0.6738379432387411,0.5964583541995555,0.2570061863676113,0.0,0.519356134824964,0.3421135820939841,0.4548226020046247,0.42835661139938014,0.29447915522907575,0.6722390091306744,0.615023809608955,0.6194091246649837,0.5889785030330936,0.3721150337879059,0.7597581929809455,0.6685887393275496,0.7389588168115668
f_normal_flip_h,0.6229530068490114,0.7344693232373902,0.8072633589268469,0.8335491723807049,1.1450081158580756,0.9022487077383542,0.8338822897127616,1.1136468879171335,0.9744876465412622,1.0620521822757214,0.7863206868384238,1.0870911176679834,0.6493765415497608,0.6440992141776876,0.5250525712656491,0.8176474049673439,1.1099026636460299,0.6137972492764588,0.7018774959412413,1.1762146145917516,1.2235685284684648,0.595066175663994,0.9994260378242749,0.8240246012805211,0.4871415940077621,0.8380557842201929,0.8302225705151672,0.2985252752967979,0.519356134824964,0.0,0.2855411516461553,0.3100298775024374,0.708840836602904,0.7642667071922536,1.0532345675889412,0.8211571085701547,1.1563451691326396,0.7499339822850185,0.6835817994817385,0.4287702538389862,0.73487497914274,0.8011943088191072
f_normal_flip_v,0.8980742488106255,0.8170286931993402,1.017541253512775,0.4857999350031476,1.0113678243886972,1.0740889697997504,1.501585940937721,0.8343442495904319,0.9867156312566159,0.604276210970772,0.8927146022137793,0.7944441364878203,1.083048614979722,0.920639738049844,0.6583914213485235,0.5067224763693774,0.7425107387247523,0.663979708794787,0.6936545895072698,0.6562905987442529,0.8247436500014983,0.5202736188643189,0.7071576588610458,0.6693884868031734,0.6598982390972135,0.6075169903336914,0.8600242159831394,0.346453182177996,0.3421135820939841,0.2855411516461553,0.0,0.30684040993021955,0.9545583618800029,0.9007476315655004,0.5952071129415494,1.2665411407612208,0.7479192491052331,0.5171296871373593,0.7887494512014049,0.6023352379841237,1.1725288232288626,0.7138824631551478
f_normal_rot90,0.7434804838755329,0.9016758447700913,1.055350998008991,0.6703652592001218,0.9437750551298423,1.3782258983431652,1.050713359634895,0.6234227621848543,0.9586670734056305,0.9461037533953229,0.8314592358460284,1.0812917415749042,1.0545493158123804,0.8323628195567465,0.7327643144090039,0.7626919987552463,0.8769442144561053,0.7541453612930484,0.6724434737054859,0.7826392358470934,0.9432164378729465,0.8442713799722699,1.0607557525733422,0.6604831614164918,0.6657406295659433,0.544776787080378,0.597518978086489,0.3082391766611803,0.4548226020046247,0.3100298775024374,0.30684040993021955,0.0,0.9752909470243268,0.6974612444912626,0.7232204204737045,1.0569166395069445,1.245959605436135,0.5391239427661578,0.8369175473282617,1.020625931210483,1.212299441115247,0.9127182730735014
h_normal,0.4020205664094561,0.4385231486312445,0.6366723065970981,0.9225885683729736,0.46269942440495204,0.8433033642377122,0.5479379615454532,0.7999350531313016,0.6197610284320854,0.657616263156844,0.7073297334794507,0.909774588576652,0.8151381634617456,0.5024501116135326,0.9727732642111871,0.6591386302156848,0.4834055515791038,0.3670501813228282,0.5409523762220171,1.2507943510068302,0.8731143755569043,0.6390616282567597,0.7958541120625992,0.5882650137164418,0.6567249367187772,1.0193482694512823,0.4382524134881361,0.7227996756986803,0.42835661139938014,0.708840836602904,0.9545583618800029,0.9752909470243268,0.0,0.2517843797665096,0.38883881264388587,0.35755283822272216,0.3121488110606006,0.7319059279991029,0.4296965453867875,0.686294171128331,0.9291452691009298,0.6272960329723665
h_large,0.4670880265107238,0.38812574996166027,0.619556860105906,0.6950662409527297,0.4637354994976981,0.7152184595034258,0.7534174091564425,0.6420434390151059,0.7957182597133651,0.5396241617989025,0.38724266896931553,0.606040266044162,0.5632446544275489,0.414382900655872,0.8057928440032534,0.8223135054761199,0.6358833954728641,0.6937429990432,0.46483753189676263,0.888613967699957,0.8641775499313153,0.8075317513771385,0.648946897171073,0.41282785634305075,0.7950161586981708,0.9836407573378482,0.6217708054513893,0.41164297411004763,0.29447915522907575,0.7642667071922536,0.9007476315655004,0.6974612444912626,0.2517843797665096,0.0,0.3527137602932972,0.33632040033423527,0.30992773537161616,0.7932721065357591,0.3788470470831897,0.9063704146202864,0.690059514378473,0.6568549261850872
h_normal_flip_h,0.7031663481170594,1.0424120276373758,0.8276118796084792,0.8036739464854366,0.6667503860537506,0.8188461123041719,0.5164156348719604,0.7024390131949111,0.8882983162548268,0.6142800648460551,0.5799718720093784,0.7611656372114637,0.7288727927519846,0.9314984695121572,0.769364764753754,0.8312004117246627,0.8297401052386845,0.7888837205464987,0.7474689292620571,0.8630299043373276,1.0022759081158845,0.9976425609388901,1.0332583071850534,0.8043299364088122,1.0547122510949152,1.3624329277037321,1.3598075312116296,0.6796437619678833,0.6722390091306744,1.0532345675889412,0.5952071129415494,0.7232204204737045,0.38883881264388587,0.3527137602932972,0.0,0.24995525294122686,0.3849560758560382,0.749680745146398,0.7656854199902656,0.7895616563513802,0.6448775166820353,0.7469814722079675
h_normal_flip_v,0.7572016497574069,0.7391826805190046,0.8302628379770214,0.7909268411452774,0.7519601426106088,0.9761307025962735,1.0788243631196055,0.8563499990339787,1.1841861854819642,0.7383817496424695,0.7733715548163362,0.8063185209411453,0.6187112858217537,0.7527726331842619,0.7144160346607883,0.7530735437631069,0.8746770952543029,0.5472241036817737,0.6897170889953227,1.4782236673803233,0.6716380590557008,0.7654342813210748,1.108762472682952,0.8143211474748706,0.9556188766422488,1.3021004571554928,0.7778397192796658,0.7613021277886135,0.615023809608955,0.8211571085701547,1.2665411407612208,1.0569166395069445,0.35755283822272216,0.33632040033423527,0.24995525294122686,0.0,0.3959090477830244,0.8045840566432372,0.8597622730584094,1.3677669236736725,0.876031466673411,0.7263328259339651
h_normal_rot90,0.7029578259083408,0.7131325446695861,0.5441242950922205,0.7867530674915949,0.6157230285505743,0.9300376310176952,0.9606104653511623,0.8234031111427554,0.8881193077206742,0.9612545848109155,0.6876107495191401,0.34338646274220347,0.5442178276645174,1.0002239421251058,1.1641468464503106,1.0865139522344327,0.6000695765034,0.7047877536249386,0.7199193853819973,0.754939104054903,0.6774941355747871,0.871163960776616,1.2808007943380142,0.7431442164756079,0.8105584421822294,1.2703425504848718,0.9193468352937217,0.6100690720754145,0.6194091246649837,1.1563451691326396,0.7479192491052331,1.245959605436135,0.3121488110606006,0.30992773537161616,0.3849560758560382,0.3959090477830244,0.0,0.6238875466967452,0.6609970102821134,0.6224473816056136,0.6929726234114093,0.560079571173683
k_normal,0.5265374799479825,0.5034720133397564,0.6852254846435466,0.3873756762877256,0.593831806043143,0.8248800938637757,0.5719343472551752,0.6170491444831387,0.728098505015549,0.5406323369236915,0.5314060834040703,0.7166450438570173,0.4953259381276191,0.4400639852349582,0.7830520957979902,0.5370302912611714,0.520956154236739,0.5154718762943631,0.4211786313362021,0.8293235923102628,0.9848568364267584,0.6794248892727801,0.47629306925163456,0.4769473070332998,0.6576026222798872,0.7594249363102632,0.6401506379050995,0.4358592944420876,0.5889785030330936,0.7499339822850185,0.5171296871373593,0.5391239427661578,0.7319059279991029,0.7932721065357591,0.749680745146398,0.8045840566432372,0.6238875466967452,0.0,0.3124388835311897,0.24800022468120417,0.3604067844195044,0.32057223917208577
k_large,0.5271179073138098,0.293063351165821,0.7523706619826532,0.46997213559522244,0.34630306589126547,0.661845813169135,0.8796120705051451,0.7364748805943196,0.5148134671085799,0.5384031281865592,0.34096789557147195,0.6480711904709013,0.529134384063114,0.607311208041008,0.9717728453314153,0.9296124050472461,1.0203557356274258,0.49262317849898096,0.37097105428125543,0.8743041123899666,0.7233999457660297,0.6749561372934224,0.4218746634434648,0.4399605113024361,0.8070272641324041,0.7456393879001115,0.8135161219591576,0.4493548014863287,0.3721150337879059,0.6835817994817385,0.7887494512014049,0.8369175473282617,0.4296965453867875,0.3788470470831897,0.7656854199902656,0.8597622730584094,0.6609970102821134,0.3124388835311897,0.0,0.3476203642610655,0.3693485772886423,0.3748068698943725
k_normal_flip_h,0.8701465302742923,0.7680589666957007,0.8495039754060345,0.5197680642677516,0.8144099237053558,1.1129478540832463,1.1955336957361618,0.8734102706149841,0.7052623292263539,0.6364987699727533,0.653321455587168,0.8922990194273379,0.7194423663918699,0.8530392211883306,1.3888366484754617,1.008479389235626,0.9641739271861949,1.0188171680944813,0.6853410435856085,1.2180986340852442,1.1629063411320018,1.0664198265522955,0.6343250474578435,0.5832028231700884,0.905203714531815,0.669625630309241,0.6672656246163221,0.6413307852108021,0.7597581929809455,0.4287702538389862,0.6023352379841237,1.020625931210483,0.686294171128331,0.9063704146202864,0.7895616563513802,1.3677669236736725,0.6224473816056136,0.24800022468120417,0.3476203642610655,0.0,0.27564118187730097,0.295679982094189
k_normal_flip_v,0.8536093644806785,1.0031860654735094,0.5952116455527453,0.9146289173631814,0.8791572420024831,1.1757468729331733,1.1384824005289267,0.9734920282595624,0.8066125013903512,0.7386753375104038,0.660168577565155,1.0213028467632366,0.5536100159238444,0.82002957721528,0.9736587645230378,0.9891010739744274,1.0370785930052209,0.8087517936060886,0.7967474639587367,1.497546775957487,1.1395132242433854,0.5953185877379497,0.6946651114895686,0.590626675331294,0.8035915547223591,0.7129752241424058,0.5219080553331872,0.8805883905258609,0.6685887393275496,0.73487497914274,1.1725288232288626,1.212299441115247,0.9291452691009298,0.690059514378473,0.6448775166820353,0.876031466673411,0.6929726234114093,0.3604067844195044,0.3693485772886423,0.27564118187730097,0.0,0.3650297104874651
k_normal_rot90,0.902090067427936,0.7553792982654195,1.094971880771995,0.7064096808441365,0.668598327990966,1.0182133480501645,1.0319248225568012,0.9498922109608414,0.9764465405434681,0.6409048942988886,0.6943485597142205,1.0664177381781665,1.030271149143195,0.6772091635250574,1.1896256105553649,0.5493082292994432,0.6757241265298947,0.6802221386726288,0.658666727260341,1.23977274504509,1.280046286025658,1.2043936697971818,0.5900453807546379,0.788747372958061,0.8800450008743983,0.970364841155743,0.6841210977694663,0.8427474712558708,0.7389588168115668,0.8011943088191072,0.7138824631551478,0.9127182730735014,0.6272960329723665,0.6568549261850872,0.7469814722079675,0.7263328259339651,0.560079571173683,0.32057223917208577,0.3748068698943725,0.295679982094189,0.3650297104874651,0.0
