,b_normal,b_large,b_normal_rot90,d_normal,d_large,d_normal_rot90,q_normal,q_large,q_normal_rot90,p_normal,p_large,p_normal_rot90,r_normal,r_large,r_normal_flip_h,r_normal_flip_v,r_normal_rot90,a_normal,a_large,a_normal_flip_h,a_normal_flip_v,a_normal_rot90,e_normal,e_large,e_normal_flip_h,e_normal_flip_v,e_normal_rot90,f_normal,f_large,f_normal_flip_h,f_normal_flip_v,f_normal_rot90,h_normal,h_large,h_normal_flip_h,h_normal_flip_v,h_normal_rot90,k_normal,k_large,k_normal_flip_h,k_normal_flip_v,k_normal_rot90
b_normal,0.0,0.3533399464951992,0.3059259935713697,0.39280908700645223,0.45810491327056463,0.4195410793236924,0.35967818231100324,0.406204228229638,0.3939133178981488,0.44773511643906566,1.3422280706961602,0.5374063638374955,0.7900110425380729,1.2041992131969406,0.5875318812403134,0.6829128950560854,0.6154155896531243,0.6576268532479836,0.7128395911953619,0.5612213965764824,0.874691584942521,0.7647451860408156,0.6871629847899294,0.8469927137919782,1.0174791192263732,0.9645744109971124,1.1544071459172511,0.9478846395996795,0.8145913137214619,0.8737886904124857,1.0070270066400413,0.9310002278510652,0.5919892280977956,1.2114631884621476,0.6105703262721232,0.9634440630481856,1.1843424546479222,0.9441484190086279,0.887205740061899,1.1723090901681013,0.9862920906598003,0.9345721499435231
b_large,0.3533399464951992,0.0,0.3671147308479041,0.5504299110514839,0.6505196045536552,0.530399250423403,0.5311977493824243,0.3609210125642746,0.44258986432323977,0.4913731469144988,0.3135122959461004,0.5387505557814217,0.6959073069704865,0.5814563282361022,0.8628662930098564,0.7391039812388827,0.6269728002775705,0.6548774511093994,0.748220291415913,0.43157829532796915,0.7510478206658793,1.0232864530325883,0.8242219932285892,0.9995377264765053,0.9401607468775376,0.6765921563812181,0.7162296672340807,0.8504226400463333,0.8082396061438479,1.0764377176963877,0.9349766250851977,0.7684487173591444,0.649002805734437,0.7189527123825944,0.717768611917894,1.159828075073038,0.6410140554206972,0.590297202495283,0.7033182551797988,0.9839559721891604,0.597144442987687,0.823778258934719
b_normal_rot90,0.3059259935713697,0.3671147308479041,0.0,0.43774562105542836,0.5871092247607532,0.3991790007854125,0.3469303391177249,0.33225875982814007,0.5047534089111966,0.48784596944248887,0.7656480752714601,0.44671518517772313,0.9028076650112915,0.5749561707379545,0.7424317949698388,0.7436747940898343,0.6463127943516408,0.7249730106553504,0.8675426625227335,1.1375521300886604,0.8260341889704782,0.8896030752481355,0.6582313476515324,0.9587803267733548,1.1148641543343252,0.8818996386247756,0.9297580349676284,0.5355922423566981,0.957408498985072,0.8539843192923693,0.7508469287953718,0.7166623336728836,0.46645258272576023,0.7540297596477142,0.5314590321402637,0.7494786456638707,1.0069572733646157,0.9230125994292232,0.7719953079897439,0.6711659103532481,0.9649687856287971,0.7639152502351134
d_normal,0.39280908700645223,0.5504299110514839,0.43774562105542836,0.0,0.30037216132486944,0.4402252184158398,0.41058006715154,0.587774947745086,0.5131603021603789,0.5603985691711095,0.48087124044366525,0.37990021321442746,0.8444642715650287,0.8495526020538275,0.9824274033400201,0.7705981304044605,1.0611097220901138,0.8014161297882428,1.0719453087149622,1.2598872073298213,1.19314043212159,1.1242131143863716,0.802856289755113,0.9044987161785344,0.9168144022886983,0.8275857311359687,1.10124937305671,0.6181699202564742,0.6568111970274122,0.5296034683826492,0.6324242156401759,0.7121002771044794,0.7517403840495704,0.584926685037611,0.7490211420887302,0.7116667386925856,0.6878483168983696,0.6784035692556102,0.7413103125514613,0.7453811285026285,0.8328901788528684,0.7100484614750115
d_large,0.45810491327056463,0.6505196045536552,0.5871092247607532,0.30037216132486944,0.0,0.4621827896382193,0.37193847257903556,0.36314590113232265,0.47363309784419344,0.4346817227701723,0.5093591717717773,0.4857750092110437,1.193843837723293,0.6196594269667016,0.618219688566634,0.972634631985515,0.6847261944422224,0.631406798389905,0.7052516333509041,0.5601107057625915,1.0850684141321276,0.8685118596649959,0.8067442881593906,1.0055189036174639,1.067483786327206,0.833760634609503,0.7803806419208055,0.7356886142930714,0.4641464136838048,0.6889120748060963,0.6299023004431606,0.6717001536074562,0.7476050804330433,0.6863558501270759,0.6501226819931558,0.6221670332534522,0.6818937828150715,1.5675555882797836,0.8313593705496842,1.3361755285593961,0.7537583726657189,0.8226673130441191
d_normal_rot90,0.4195410793236924,0.530399250423403,0.3991790007854125,0.4402252184158398,0.4621827896382193,0.0,0.3803141651382465,0.5550826354755292,0.7423024213456758,0.34742253175672894,0.4090684811705743,0.5728861406287631,0.7883543419111841,0.920867131256088,0.7562165804967459,0.8793877143245097,0.8263061907494066,1.113706485728006,0.8311266230861485,1.080479881192252,0.5638737911641688,1.5492343708718188,0.8118053688312701,0.8716183854823075,0.923470276413414,0.8168520702037457,0.810974396777449,0.5619052354725858,0.8253612420620483,1.0439702944417024,0.6378332884746588,0.605330646340022,1.121673367247789,0.785945806741191,0.7451914856425509,0.7277394098752102,1.1107393161453651,0.7276137935025155,1.1722993062786013,1.414977622739072,0.7931422900884185,0.5681497148960154
q_normal,0.35967818231100324,0.5311977493824243,0.3469303391177249,0.41058006715154,0.37193847257903556,0.3803141651382465,0.0,0.41744025825787934,0.4816064055262321,0.26510655896911195,0.48238954101984266,0.45291671780344145,0.882467618417417,0.6842706345797653,1.099091167071935,0.5905286849234552,0.5357157510632273,1.0345136738420102,0.7959610531711977,1.1932291921314608,0.8748303293917146,0.6304989893533522,0.5797820259666163,0.8424069918197581,1.3494272450801639,0.9292116642854236,0.9324822777418043,0.8339346623605607,0.8038781395555628,0.8470769305260253,0.5636513093219386,0.8620524357581887,0.5920635683130571,0.8441590362929965,0.9016139307467106,0.7280902083108587,0.6215507004621521,0.969472567592533,0.5653299609440157,0.6988266706420818,0.7994297396800362,0.6850679443026685
q_large,0.406204228229638,0.3609210125642746,0.33225875982814007,0.587774947745086,0.36314590113232265,0.5550826354755292,0.41744025825787934,0.0,0.5548360055500641,0.45858190374500835,0.3524011693500973,0.5202408505369748,0.9268862575457224,0.6707028466475429,0.7229959405127543,0.6643102368391418,0.599635636809856,1.3344455885833861,1.0407839381173216,0.6926438002094286,0.7423433095919952,0.765171861128201,0.7197020478163716,0.7567181158607611,1.1890305096605815,0.8781822785081561,0.872880645496013,0.6490959093386997,0.5842821423171447,0.7986336703500401,0.7088539036875878,0.4572362705259306,0.6622383531945618,1.343443267502488,0.7526478972062278,0.9086528570197807,1.0539275506546575,0.9565265455995895,0.7181461691545178,1.0079871454344984,0.7166875265662261,1.1356706584011156
q_normal_rot90,0.3939133178981488,0.44258986432323977,0.5047534089111966,0.5131603021603789,0.47363309784419344,0.7423024213456758,0.4816064055262321,0.5548360055500641,0.0,0.6275858807433008,0.603509831964429,0.360440200863208,1.1741937891797416,0.7353547809374552,0.7460698268814486,0.9001864349253925,0.7116322252926319,0.6538954529600924,0.7754117314763366,0.8886524389729535,1.1898507829933607,1.0964916161180847,0.5584911350183348,0.6336473460926175,0.7643272988286389,0.6446624242016192,0.857036026092277,0.5571929193185582,0.6116954628163778,0.9664347960342953,0.6139083208999873,0.7378709423297829,0.9806623321624653,0.9963157486091677,0.6859414570501109,0.7247444410770946,0.9550332681602262,0.8630422919037476,0.6803113530931802,0.7460578934933715,0.7893653358283739,1.0141117466138991
p_normal,0.44773511643906566,0.4913731469144988,0.48784596944248887,0.5603985691711095,0.4346817227701723,0.34742253175672894,0.26510655896911195,0.45858190374500835,0.6275858807433008,0.0,0.3900102501726474,0.4398420451165074,1.028987953205102,0.733867988266383,0.616238300663198,0.5635590745930609,0.42715873621985656,1.0156501109249265,0.5534950898786533,0.8806781669976276,0.7357268215845487,0.8638019894239182,0.5305362971063492,0.569013392919761,0.6900315151701663,0.6454902992980929,1.1163650544075923,0.9623011827991839,0.6631104108327475,0.5993107905796081,0.5300077878855515,0.7501052836428553,0.6818160484687669,0.9754989715642339,0.5379227144023574,0.6333143652535119,0.7966080182198133,0.5638711670278803,0.7651369971702691,0.943158433717701,0.6175617622254396,0.7438327356354721
p_large,1.3422280706961602,0.3135122959461004,0.7656480752714601,0.48087124044366525,0.5093591717717773,0.4090684811705743,0.48238954101984266,0.3524011693500973,0.603509831964429,0.3900102501726474,0.0,0.602746187626451,1.0707661519166674,1.0634421099857336,1.0459671654345328,0.7187315803124519,0.7231768241185751,1.1979287725955448,0.8335082397442686,0.9730313509608355,0.963422272251102,1.012746418735989,0.5492889155896944,0.7197573416394798,1.0088627174243094,0.5969068167166047,0.8673641424747796,1.219754506325997,0.5263823783902298,0.7821781073352301,0.7509937241374495,0.6515922546430357,0.8188868252344275,0.8976530272612184,0.5663348967217258,0.4955748215620035,0.7473322334631262,1.2004990147559915,0.5421441825279241,1.0122938985422403,0.7802926237907524,1.0708133340836539
p_normal_rot90,0.5374063638374955,0.5387505557814217,0.44671518517772313,0.37990021321442746,0.4857750092110437,0.5728861406287631,0.45291671780344145,0.5202408505369748,0.360440200863208,0.4398420451165074,0.602746187626451,0.0,0.8587025752812156,0.9762202462767328,1.09705359723612,0.5397698183578259,0.6708026276442083,1.2288539633841922,0.7783174670498745,0.8802262936455254,0.6612203582775154,0.709015604685448,0.6147371833521004,0.592440182102966,0.892089848960385,0.6780592836670699,0.9179231997323649,0.5727683421608808,0.7202263690373313,0.6533633893184748,0.5213141758316414,0.6525910553579622,0.8622105536869245,1.0655844125395721,0.7951577866664336,0.6472709219338233,0.9816038854359276,0.5640366381013558,0.6996851215551957,0.7253887260542053,0.5894693966183253,0.5452453173410093
r_normal,0.7900110425380729,0.6959073069704865,0.9028076650112915,0.8444642715650287,1.193843837723293,0.7883543419111841,0.882467618417417,0.9268862575457224,1.1741937891797416,1.028987953205102,1.0707661519166674,0.8587025752812156,0.0,0.45688643730534273,0.3280978020862079,0.4344279568604347,0.34273596984047006,0.9496640064356998,1.023039738301588,0.8016596791211876,0.7971818858744021,1.0047990650077439,0.7916435437644341,1.074504344369507,1.0924727043648863,0.961815338787145,1.233782424379953,0.5611382398133712,0.8422252638903455,0.7511980055491165,1.0877480110053408,0.620796447141434,0.887244733799337,1.3105616773345004,0.5186817096544628,0.5201697081297858,0.9319435649825607,1.0264496288247784,0.8663901749118204,0.8702651540214524,0.9264591889979427,0.9034207663870183
r_large,1.2041992131969406,0.5814563282361022,0.5749561707379545,0.8495526020538275,0.6196594269667016,0.920867131256088,0.6842706345797653,0.6707028466475429,0.7353547809374552,0.733867988266383,1.0634421099857336,0.9762202462767328,0.45688643730534273,0.0,0.4413084729933707,0.5342973153444919,0.3740346656781944,0.8957075337418916,0.9446081036640612,0.6618799352451584,1.183128858985718,1.09633600852771,0.4965767454649155,1.3035744317525806,0.6424954552723685,0.6005086231743946,1.2265007102592094,1.1407980325580263,0.8924319446947382,0.9078851758260299,0.8616354834675353,1.2221747965070067,0.7821043142948189,0.8281532450164352,0.8050924473238983,0.7834626105871301,0.866275529566955,0.5696152411825869,0.5124826474527209,1.7294651037839195,0.5577004082322948,0.43018654207572055
r_normal_flip_h,0.5875318812403134,0.8628662930098564,0.7424317949698388,0.9824274033400201,0.618219688566634,0.7562165804967459,1.099091167071935,0.7229959405127543,0.7460698268814486,0.616238300663198,1.0459671654345328,1.09705359723612,0.3280978020862079,0.4413084729933707,0.0,0.301915120676724,0.35340065338375565,0.834635354507852,0.5916515451708487,0.5652469991358293,0.7472970389569681,0.8583219633211783,0.7728297172420182,0.5460423472337831,0.9031889413978419,1.071470935592754,0.6021559898201989,0.6313712299080358,0.4892596626569021,0.5586406432172697,0.5900280239476572,1.0740360872808539,0.8130140498154543,0.49889536018392483,0.6585344549832395,0.7152652141783061,0.5392890867671787,0.592260533739011,1.0428244946943692,0.8780711341609577,0.6115781719284562,1.1899410710449538
r_normal_flip_v,0.6829128950560854,0.7391039812388827,0.7436747940898343,0.7705981304044605,0.972634631985515,0.8793877143245097,0.5905286849234552,0.6643102368391418,0.9001864349253925,0.5635590745930609,0.7187315803124519,0.5397698183578259,0.4344279568604347,0.5342973153444919,0.301915120676724,0.0,0.26320120378114253,0.9889139818011651,0.881772031549295,0.9939312374153301,0.8296785285795445,0.8291158123433795,0.6096941335841725,0.8810696294320386,1.2356669164533023,0.8465912597496632,1.1604566241317054,0.9779030283047528,1.0531468353367757,1.5635090719602556,1.5160763999263178,1.0243122852295896,0.5619975693885386,0.9398712920155747,0.8469412007810966,0.7925320722773034,0.5889730046337144,0.860812535893551,0.8924720432031682,1.2451399065149866,1.0488896291915168,1.1507709725360409
r_normal_rot90,0.6154155896531243,0.6269728002775705,0.6463127943516408,1.0611097220901138,0.6847261944422224,0.8263061907494066,0.5357157510632273,0.599635636809856,0.7116322252926319,0.42715873621985656,0.7231768241185751,0.6708026276442083,0.34273596984047006,0.3740346656781944,0.35340065338375565,0.26320120378114253,0.0,1.1122076418882023,0.7057090113643204,0.7090111262939192,0.8468872038301203,0.8088395241955101,0.7410319782388478,0.5893589109317473,0.6792016698704891,0.8322018510957992,0.962363594910238,0.8055366641063643,0.673847928839501,0.782050400970868,0.6994939951498972,1.0117352760578686,0.651770835374815,0.9131350145313872,0.5502243880580491,1.022455475333411,0.639974363913634,0.9520997351280616,0.7654232851435041,0.6853665513101106,0.5590942677791945,0.6665426267302972
a_normal,0.6576268532479836,0.6548774511093994,0.7249730106553504,0.8014161297882428,0.631406798389905,1.113706485728006,1.0345136738420102,1.3344455885833861,0.6538954529600924,1.0156501109249265,1.1979287725955448,1.2288539633841922,0.9496640064356998,0.8957075337418916,0.834635354507852,0.9889139818011651,1.1122076418882023,0.0,0.32950032048818356,0.3351578825616072,0.581867796158804,0.3172847921523369,0.7726737218355539,0.5977011130007013,0.6084592255727814,0.48191392728634286,0.5578521020754263,0.8037067554944379,0.9693306968096164,0.931529043816105,0.7382645210545528,0.812378137385374,0.7769302189544294,0.6314285592683204,0.581709825256881,0.7775775939649552,0.48688247503764465,0.6758615531521471,0.9844897352552598,0.6862792023794249,0.6954405402484727,0.5747262583400867
a_large,0.7128395911953619,0.748220291415913,0.8675426625227335,1.0719453087149622,0.7052516333509041,0.8311266230861485,0.7959610531711977,1.0407839381173216,0.7754117314763366,0.5534950898786533,0.8335082397442686,0.7783174670498745,1.023039738301588,0.9446081036640612,0.5916515451708487,0.881772031549295,0.7057090113643204,0.32950032048818356,0.0,0.3924846032944842,0.3297611772942878,0.3609343446542345,0.40418477505683403,0.7489518139900228,1.091069177691533,0.5291958413339835,0.6797845893945739,0.8913196386766886,1.1000820932860735,0.7866173498010537,0.9758499779105243,0.8075848795074911,1.1059589458267551,0.7001420922217612,0.7963336316172734,0.7227294021057512,1.3063747436802902,0.821441296305758,0.8377472880647794,0.4254761386496974,0.5762038532973159,0.574070785667962
a_normal_flip_h,0.5612213965764824,0.43157829532796915,1.1375521300886604,1.2598872073298213,0.5601107057625915,1.080479881192252,1.1932291921314608,0.6926438002094286,0.8886524389729535,0.8806781669976276,0.9730313509608355,0.8802262936455254,0.8016596791211876,0.6618799352451584,0.5652469991358293,0.9939312374153301,0.7090111262939192,0.3351578825616072,0.3924846032944842,0.0,0.4347135107768558,0.6358785606145605,0.5253659286209251,0.7723721617031931,0.6529461956068082,0.4632643673161951,0.6188460058463616,0.8306442540305273,0.9562742998069371,1.0374753528349354,1.0838011439103112,0.7552011600535233,0.8053324774357472,0.9701544413206058,1.080843980858588,1.7079320995150151,0.7970236045956502,0.8045835011594861,0.7060151930010917,1.101273699956025,0.7928635988312696,1.093976450946629
a_normal_flip_v,0.874691584942521,0.7510478206658793,0.8260341889704782,1.19314043212159,1.0850684141321276,0.5638737911641688,0.8748303293917146,0.7423433095919952,1.1898507829933607,0.7357268215845487,0.963422272251102,0.6612203582775154,0.7971818858744021,1.183128858985718,0.7472970389569681,0.8296785285795445,0.8468872038301203,0.581867796158804,0.3297611772942878,0.4347135107768558,0.0,0.3801534036995919,0.9779280045643721,0.5701074657575963,0.6470262630202357,0.7450862184816561,0.9863953298280146,1.1071363708260615,1.3171196518487474,1.1035437244762238,0.9667757690649439,0.8415400922150438,0.9729279611352636,0.8731917334842528,1.0734796348661044,0.935472127700998,0.5580107508842556,0.9906778085332826,0.7180864699797871,0.6621249494732555,0.6860258426472027,0.6570622021073471
a_normal_rot90,0.7647451860408156,1.0232864530325883,0.8896030752481355,1.1242131143863716,0.8685118596649959,1.5492343708718188,0.6304989893533522,0.765171861128201,1.0964916161180847,0.8638019894239182,1.012746418735989,0.709015604685448,1.0047990650077439,1.09633600852771,0.8583219633211783,0.8291158123433795,0.8088395241955101,0.3172847921523369,0.3609343446542345,0.6358785606145605,0.3801534036995919,0.0,0.9475948179731118,0.5756155471509151,1.0083571579037978,0.6168323995754162,0.6676766858230371,0.904514583822823,1.0403104188168457,1.2234163427420246,0.7732784447118812,0.7816556754749027,0.9648053833959436,0.7448852225344204,0.688122969971789,0.5442218364642509,0.5649025521613286,0.9805533293923261,0.9376587528165129,0.667282971267342,0.9331297717663626,1.2777997783452604
e_normal,0.6871629847899294,0.8242219932285892,0.6582313476515324,0.802856289755113,0.8067442881593906,0.8118053688312701,0.5797820259666163,0.7197020478163716,0.5584911350183348,0.5305362971063492,0.5492889155896944,0.6147371833521004,0.7916435437644341,0.4965767454649155,0.7728297172420182,0.6096941335841725,0.7410319782388478,0.7726737218355539,0.40418477505683403,0.5253659286209251,0.9779280045643721,0.9475948179731118,0.0,0.36189542997376933,0.7138343166430916,0.36197596275901195,0.36666451377775494,1.231367193176152,0.922140824553472,1.0478256736237856,0.5524093391948807,0.7169007887598882,1.2435610517389717,0.9188374872445587,0.8348697898729338,0.7877864068843031,1.3040669202050463,0.7170029135695357,0.6011385181086362,1.0212271039453338,0.8513387282476951,1.009772148307163
e_large,0.8469927137919782,0.9995377264765053,0.9587803267733548,0.9044987161785344,1.0055189036174639,0.8716183854823075,0.8424069918197581,0.7567181158607611,0.6336473460926175,0.569013392919761,0.7197573416394798,0.592440182102966,1.074504344369507,1.3035744317525806,0.5460423472337831,0.8810696294320386,0.5893589109317473,0.5977011130007013,0.7489518139900228,0.7723721617031931,0.5701074657575963,0.5756155471509151,0.36189542997376933,0.0,0.3923098550850279,0.4803517607155207,0.4248273680234353,0.9960238475442799,0.7646845211461097,1.1437398761067903,0.8292722955537121,0.7789406409746304,0.8553059224885248,0.7327528122302553,0.9189956934247349,0.98255107224069,1.054573515564385,1.367190964663,0.9136649513617761,0.8623159757305523,1.5530833404624962,0.82921910770613
e_normal_flip_h,1.0174791192263732,0.9401607468775376,1.1148641543343252,0.9168144022886983,1.067483786327206,0.923470276413414,1.3494272450801639,1.1890305096605815,0.7643272988286389,0.6900315151701663,1.0088627174243094,0.892089848960385,1.0924727043648863,0.6424954552723685,0.9031889413978419,1.2356669164533023,0.6792016698704891,0.6084592255727814,1.091069177691533,0.6529461956068082,0.6470262630202357,1.0083571579037978,0.7138343166430916,0.3923098550850279,0.0,0.300449475472471,0.46016197774517015,1.0853318820212239,1.3297432584247009,0.9366160021753624,1.0966591674058634,1.2500912288501864,0.7297526225174235,0.5886076694088408,1.10667768861328,0.8353467951768522,0.831388096391677,1.0592139496813406,1.098941473214456,0.911910614473632,1.0675343987489574,0.8119375761459056
e_normal_flip_v,0.9645744109971124,0.6765921563812181,0.8818996386247756,0.8275857311359687,0.833760634609503,0.8168520702037457,0.9292116642854236,0.8781822785081561,0.6446624242016192,0.6454902992980929,0.5969068167166047,0.6780592836670699,0.961815338787145,0.6005086231743946,1.071470935592754,0.8465912597496632,0.8322018510957992,0.48191392728634286,0.5291958413339835,0.4632643673161951,0.7450862184816561,0.6168323995754162,0.36197596275901195,0.4803517607155207,0.300449475472471,0.0,0.47503012873189177,0.9599936831922674,0.4959494322336699,0.664522653811361,0.7465319287887733,0.5788573775802313,1.339734840866478,0.8032829470095476,0.8133923717785129,0.7032133110708814,0.9730457565930989,0.7448864756470487,0.7206536858199966,0.8016549576786821,0.6658234215808214,1.0273063280852919
e_normal_rot90,1.1544071459172511,0.7162296672340807,0.9297580349676284,1.10124937305671,0.7803806419208055,0.810974396777449,0.9324822777418043,0.872880645496013,0.857036026092277,1.1163650544075923,0.8673641424747796,0.9179231997323649,1.233782424379953,1.2265007102592094,0.6021559898201989,1.1604566241317054,0.962363594910238,0.5578521020754263,0.6797845893945739,0.6188460058463616,0.9863953298280146,0.6676766858230371,0.36666451377775494,0.4248273680234353,0.46016197774517015,0.47503012873189177,0.0,1.1677866026328383,0.7513189127711483,0.5674736909876691,0.6845531706044337,0.9163805358370223,1.543505112517962,1.1118590345286057,1.4293349644856843,1.3423816444645547,1.3235875435474016,0.9538818807991513,0.7741339144382948,0.8816253691646293,1.256562461637926,0.9882251205188407
f_normal,0.9478846395996795,0.8504226400463333,0.5355922423566981,0.6181699202564742,0.7356886142930714,0.5619052354725858,0.8339346623605607,0.6490959093386997,0.5571929193185582,0.9623011827991839,1.219754506325997,0.5727683421608808,0.5611382398133712,1.1407980325580263,0.6313712299080358,0.9779030283047528,0.8055366641063643,0.8037067554944379,0.8913196386766886,0.8306442540305273,1.1071363708260615,0.904514583822823,1.231367193176152,0.9960238475442799,1.0853318820212239,0.9599936831922674,1.1677866026328383,0.0,0.37565113732164723,0.4987169081179809,0.2881947766866302,0.3005850414313714,0.9459430471109387,1.0145432170104371,0.993745744272137,0.949159466442024,1.3403878027339196,0.699791882874993,0.8610395330801787,0.8051405444122404,1.0139093547605544,0.5946210736041914
f_large,0.8145913137214619,0.8082396061438479,0.957408498985072,0.6568111970274122,0.4641464136838048,0.8253612420620483,0.8038781395555628,0.5842821423171447,0.6116954628163778,0.6631104108327475,0.5263823783902298,0.7202263690373313,0.8422252638903455,0.8924319446947382,0.4892596626569021,1.0531468353367757,0.673847928839501,0.9693306968096164,1.1000820932860735,0.9562742998069371,1.3171196518487474,1.0403104188168457,0.922140824553472,0.7646845211461097,1.3297432584247009,0.4959494322336699,0.7513189127711483,0.37565113732164723,0.0,0.3819480969713573,0.35509980850401196,0.3047889264186751,0.7173408764885252,0.5206940687053313,0.9820548588106351,0.9919454371121593,1.0136227287220327,0.7938843816061614,1.1206713388796288,0.8227327920227373,0.819376429567205,0.7739042554423147
f_normal_flip_h,0.8737886904124857,1.0764377176963877,0.8539843192923693,0.5296034683826492,0.6889120748060963,1.0439702944417024,0.8470769305260253,0.7986336703500401,0.9664347960342953,0.5993107905796081,0.7821781073352301,0.6533633893184748,0.7511980055491165,0.9078851758260299,0.5586406432172697,1.5635090719602556,0.782050400970868,0.931529043816105,0.7866173498010537,1.0374753528349354,1.1035437244762238,1.2234163427420246,1.0478256736237856,1.1437398761067903,0.9366160021753624,0.664522653811361,0.5674736909876691,0.4987169081179809,0.3819480969713573,0.0,0.277600252315948,0.3929248781458561,1.1145268476299548,0.8005112747362368,0.7433512231405152,1.0795517248149022,0.763809008064011,0.47498360347055874,0.786662544625128,0.5207128117707689,0.6424327559272588,0.8213266075485534
f_normal_flip_v,1.0070270066400413,0.9349766250851977,0.7508469287953718,0.6324242156401759,0.6299023004431606,0.6378332884746588,0.5636513093219386,0.7088539036875878,0.6139083208999873,0.5300077878855515,0.7509937241374495,0.5213141758316414,1.0877480110053408,0.8616354834675353,0.5900280239476572,1.5160763999263178,0.6994939951498972,0.7382645210545528,0.9758499779105243,1.0838011439103112,0.9667757690649439,0.7732784447118812,0.5524093391948807,0.8292722955537121,1.0966591674058634,0.7465319287887733,0.6845531706044337,0.2881947766866302,0.35509980850401196,0.277600252315948,0.0,0.3772196614218437,1.2888089877125888,0.7996217053974317,0.792917405939193,0.6973519272143873,1.0042343433430938,0.5113531486426034,0.8920501262815552,0.6593340877879094,0.7623037296124705,0.6620755419197987
f_normal_rot90,0.9310002278510652,0.7684487173591444,0.7166623336728836,0.7121002771044794,0.6717001536074562,0.605330646340022,0.8620524357581887,0.4572362705259306,0.7378709423297829,0.7501052836428553,0.6515922546430357,0.6525910553579622,0.620796447141434,1.2221747965070067,1.0740360872808539,1.0243122852295896,1.0117352760578686,0.812378137385374,0.8075848795074911,0.7552011600535233,0.8415400922150438,0.7816556754749027,0.7169007887598882,0.7789406409746304,1.2500912288501864,0.5788573775802313,0.9163805358370223,0.3005850414313714,0.3047889264186751,0.3929248781458561,0.3772196614218437,0.0,0.7597445102806054,0.5604246266064868,0.6962810394922028,0.640981595669654,0.836234652969148,0.6840756566078748,0.6267386702802646,0.8263040236825824,1.0497437645470962,0.7246426615855366
h_normal,0.5919892280977956,0.649002805734437,0.46645258272576023,0.7517403840495704,0.7476050804330433,1.121673367247789,0.5920635683130571,0.6622383531945618,0.9806623321624653,0.6818160484687669,0.8188868252344275,0.8622105536869245,0.887244733799337,0.7821043142948189,0.8130140498154543,0.5619975693885386,0.651770835374815,0.7769302189544294,1.1059589458267551,0.8053324774357472,0.9729279611352636,0.9648053833959436,1.2435610517389717,0.8553059224885248,0.7297526225174235,1.339734840866478,1.543505112517962,0.9459430471109387,0.7173408764885252,1.1145268476299548,1.2888089877125888,0.7597445102806054,0.0,0.25158339190015455,0.35511552954453923,0.496769683127279,0.40109328317682724,0.7139464495231485,0.7149087555034154,0.9874685565565118,0.8077487414321953,1.0373619009306907
h_large,1.2114631884621476,0.7189527123825944,0.7540297596477142,0.584926685037611,0.6863558501270759,0.785945806741191,0.8441590362929965,1.343443267502488,0.9963157486091677,0.9754989715642339,0.8976530272612184,1.0655844125395721,1.3105616773345004,0.8281532450164352,0.49889536018392483,0.9398712920155747,0.9131350145313872,0.6314285592683204,0.7001420922217612,0.9701544413206058,0.8731917334842528,0.7448852225344204,0.9188374872445587,0.7327528122302553,0.5886076694088408,0.8032829470095476,1.1118590345286057,1.0145432170104371,0.5206940687053313,0.8005112747362368,0.7996217053974317,0.5604246266064868,0.25158339190015455,0.0,0.46889523344320794,0.2880922267576787,0.48035280564408017,0.9055197876478097,1.364564507750613,1.1006019508602596,1.186023316035802,0.6356278158762924
h_normal_flip_h,0.6105703262721232,0.717768611917894,0.5314590321402637,0.7490211420887302,0.6501226819931558,0.7451914856425509,0.9016139307467106,0.7526478972062278,0.6859414570501109,0.5379227144023574,0.5663348967217258,0.7951577866664336,0.5186817096544628,0.8050924473238983,0.6585344549832395,0.8469412007810966,0.5502243880580491,0.581709825256881,0.7963336316172734,1.080843980858588,1.0734796348661044,0.688122969971789,0.8348697898729338,0.9189956934247349,1.10667768861328,0.8133923717785129,1.4293349644856843,0.993745744272137,0.9820548588106351,0.7433512231405152,0.792917405939193,0.6962810394922028,0.35511552954453923,0.46889523344320794,0.0,0.34119573839858824,0.30301165067267183,0.9430842492265834,0.8653934072621865,1.1572267317999851,0.8164604650366606,1.1619366445134984
h_normal_flip_v,0.9634440630481856,1.159828075073038,0.7494786456638707,0.7116667386925856,0.6221670332534522,0.7277394098752102,0.7280902083108587,0.9086528570197807,0.7247444410770946,0.6333143652535119,0.4955748215620035,0.6472709219338233,0.5201697081297858,0.7834626105871301,0.7152652141783061,0.7925320722773034,1.022455475333411,0.7775775939649552,0.7227294021057512,1.7079320995150151,0.935472127700998,0.5442218364642509,0.7877864068843031,0.98255107224069,0.8353467951768522,0.7032133110708814,1.3423816444645547,0.949159466442024,0.9919454371121593,1.0795517248149022,0.6973519272143873,0.640981595669654,0.496769683127279,0.2880922267576787,0.34119573839858824,0.0,0.4414243127451002,0.8358163843046559,0.9288061869151525,1.0701241725001773,0.854385480950987,1.2491700406652833
h_normal_rot90,1.1843424546479222,0.6410140554206972,1.0069572733646157,0.6878483168983696,0.6818937828150715,1.1107393161453651,0.6215507004621521,1.0539275506546575,0.9550332681602262,0.7966080182198133,0.7473322334631262,0.9816038854359276,0.9319435649825607,0.866275529566955,0.5392890867671787,0.5889730046337144,0.639974363913634,0.48688247503764465,1.3063747436802902,0.7970236045956502,0.5580107508842556,0.5649025521613286,1.3040669202050463,1.054573515564385,0.831388096391677,0.9730457565930989,1.3235875435474016,1.3403878027339196,1.0136227287220327,0.763809008064011,1.0042343433430938,0.836234652969148,0.40109328317682724,0.48035280564408017,0.30301165067267183,0.4414243127451002,0.0,0.8901238842007284,0.863942250245629,1.3014026836144668,0.7839641643051539,0.7937232188318646
k_normal,0.9441484190086279,0.590297202495283,0.9230125994292232,0.6784035692556102,1.5675555882797836,0.7276137935025155,0.969472567592533,0.9565265455995895,0.8630422919037476,0.5638711670278803,1.2004990147559915,0.5640366381013558,1.0264496288247784,0.5696152411825869,0.592260533739011,0.860812535893551,0.9520997351280616,0.6758615531521471,0.821441296305758,0.8045835011594861,0.9906778085332826,0.9805533293923261,0.7170029135695357,1.367190964663,1.0592139496813406,0.7448864756470487,0.9538818807991513,0.699791882874993,0.7938843816061614,0.47498360347055874,0.5113531486426034,0.6840756566078748,0.7139464495231485,0.9055197876478097,0.9430842492265834,0.8358163843046559,0.8901238842007284,0.0,0.37031564892550434,0.3972060124051476,0.32798344591221706,0.3921507167413571
k_large,0.887205740061899,0.7033182551797988,0.7719953079897439,0.7413103125514613,0.8313593705496842,1.1722993062786013,0.5653299609440157,0.7181461691545178,0.6803113530931802,0.7651369971702691,0.5421441825279241,0.6996851215551957,0.8663901749118204,0.5124826474527209,1.0428244946943692,0.8924720432031682,0.7654232851435041,0.9844897352552598,0.8377472880647794,0.7060151930010917,0.7180864699797871,0.9376587528165129,0.6011385181086362,0.9136649513617761,1.098941473214456,0.7206536858199966,0.7741339144382948,0.8610395330801787,1.1206713388796288,0.786662544625128,0.8920501262815552,0.6267386702802646,0.7149087555034154,1.364564507750613,0.8653934072621865,0.9288061869151525,0.863942250245629,0.37031564892550434,0.0,0.3684543036408402,0.3685885585525481,0.549942724577207
k_normal_flip_h,1.1723090901681013,0.9839559721891604,0.6711659103532481,0.7453811285026285,1.3361755285593961,1.414977622739072,0.6988266706420818,1.0079871454344984,0.7460578934933715,0.943158433717701,1.0122938985422403,0.7253887260542053,0.8702651540214524,1.7294651037839195,0.8780711341609577,1.2451399065149866,0.6853665513101106,0.6862792023794249,0.4254761386496974,1.101273699956025,0.6621249494732555,0.667282971267342,1.0212271039453338,0.8623159757305523,0.911910614473632,0.8016549576786821,0.8816253691646293,0.8051405444122404,0.8227327920227373,0.5207128117707689,0.6593340877879094,0.8263040236825824,0.9874685565565118,1.1006019508602596,1.1572267317999851,1.0701241725001773,1.3014026836144668,0.3972060124051476,0.3684543036408402,0.0,0.37754015420924947,0.46866529050718886
k_normal_flip_v,0.9862920906598003,0.597144442987687,0.9649687856287971,0.8328901788528684,0.7537583726657189,0.7931422900884185,0.7994297396800362,0.7166875265662261,0.7893653358283739,0.6175617622254396,0.7802926237907524,0.5894693966183253,0.9264591889979427,0.5577004082322948,0.6115781719284562,1.0488896291915168,0.5590942677791945,0.6954405402484727,0.5762038532973159,0.7928635988312696,0.6860258426472027,0.9331297717663626,0.8513387282476951,1.5530833404624962,1.0675343987489574,0.6658234215808214,1.256562461637926,1.0139093547605544,0.819376429567205,0.6424327559272588,0.7623037296124705,1.0497437645470962,0.8077487414321953,1.186023316035802,0.8164604650366606,0.854385480950987,0.7839641643051539,0.32798344591221706,0.3685885585525481,0.37754015420924947,0.0,0.2823226627282521
k_normal_rot90,0.9345721499435231,0.823778258934719,0.7639152502351134,0.7100484614750115,0.8226673130441191,0.5681497148960154,0.6850679443026685,1.1356706584011156,1.0141117466138991,0.7438327356354721,1.0708133340836539,0.5452453173410093,0.9034207663870183,0.43018654207572055,1.1899410710449538,1.1507709725360409,0.6665426267302972,0.5747262583400867,0.574070785667962,1.093976450946629,0.6570622021073471,1.2777997783452604,1.009772148307163,0.82921910770613,0.8119375761459056,1.0273063280852919,0.9882251205188407,0.5946210736041914,0.7739042554423147,0.8213266075485534,0.6620755419197987,0.7246426615855366,1.0373619009306907,0.6356278158762924,1.1619366445134984,1.2491700406652833,0.7937232188318646,0.3921507167413571,0.549942724577207,0.46866529050718886,0.2823226627282521,0.0
