,b_normal,b_large,b_normal_rot90,d_normal,d_large,d_normal_rot90,q_normal,q_large,q_normal_rot90,p_normal,p_large,p_normal_rot90,r_normal,r_large,r_normal_flip_h,r_normal_flip_v,r_normal_rot90,a_normal,a_large,a_normal_flip_h,a_normal_flip_v,a_normal_rot90,e_normal,e_large,e_normal_flip_h,e_normal_flip_v,e_normal_rot90,f_normal,f_large,f_normal_flip_h,f_normal_flip_v,f_normal_rot90,h_normal,h_large,h_normal_flip_h,h_normal_flip_v,h_normal_rot90,k_normal,k_large,k_normal_flip_h,k_normal_flip_v,k_normal_rot90
b_normal,0.0,0.15053199203955137,0.17367300102467756,0.17988866159225442,0.15678988385900894,0.1886346064938475,0.16585711394820463,0.13680466610193018,0.18700222395844035,0.14514159718041653,0.14264318162354073,0.16567467826563873,0.8859157435649921,0.7470938688253125,1.00385071249918,0.9264856950512852,0.9344231509535871,0.9505617452075864,1.0312958248390376,1.2393016220971134,1.2320248636562674,0.725838042508481,1.0666249612985523,1.1693490153641686,0.9029650192205313,0.9816350490051745,1.0855802469162683,0.9658604539841289,1.020844350126284,0.9471812272563296,0.9228280540852499,1.0940460727077155,1.1105784581971627,1.1016663725322058,1.0541165213451984,1.1330004323128602,1.2709173607157735,1.0094106506047904,1.054537225712526,1.0761968068384173,1.0904377561291267,0.9829260596602181
b_large,0.15053199203955137,0.0,0.1768792100426526,0.1720326577892526,0.1664772460942097,0.15646381727333533,0.18003415452655006,0.16563159034736957,0.2639093330453517,0.13992214718222334,0.13448201151792646,0.26586491249626704,1.02051381752296,0.7910800337733285,1.1722749895311337,0.8353653619734291,1.141148539844834,0.8956895141264979,1.0873068522065816,0.9644127085790702,0.5886457097936474,1.082598750403351,0.9639686761399946,1.0422626837879827,0.8361301973762638,0.8551047974772186,0.9020091374155313,0.9927641725773713,1.0993583252093944,0.9299727396949162,0.9739703731835783,0.8886386324665212,0.8549989738029182,0.8896927552555794,1.0512653552481352,1.0374793540010483,1.2013255983742739,0.7099585119297256,0.8324566526108813,0.87633482004043,0.6515601655271726,1.018905768243769
b_normal_rot90,0.17367300102467756,0.1768792100426526,0.0,0.18254277603199068,0.1746187520801966,0.18537432130471695,0.1794684282892981,0.19130780323874333,0.14531253117692441,0.18627234972469023,0.1390890617533356,0.1521974954219912,0.7555786123372279,0.6378075520737204,0.7618741992387394,1.079140690125242,0.7968582908846151,0.9749213897964879,1.1080639271480066,0.9385218012664925,0.6305883161415995,1.0433234373030693,0.8619859990542634,0.9040780181133079,0.866817401464456,0.8907015101388097,0.9456108789230074,1.230605504588116,0.8995155060668919,1.1382131470399197,1.1452699775425415,1.2510534542524208,0.8795907726468895,0.8304478801256543,0.9115489137769688,1.044729832887505,0.8883017087208568,0.953561878142147,1.1616761163453744,0.97675463792929,0.8814363705374483,1.0025993534306679
d_normal,0.17988866159225442,0.1720326577892526,0.18254277603199068,0.0,0.19982816385361818,0.13353960614437926,0.1788305305436048,0.14488152622169212,0.13565596834672844,0.174763638679845,0.14823759190030142,0.19065988270627388,0.7480159999794829,0.9243570914157724,1.0978573029067384,0.9561393796982869,0.9315676489318933,0.5470961509281631,1.0035609075464702,1.03166224149144,0.6847693992092292,1.0244818872702464,0.9917194874873881,1.107919880538668,0.7087467613068142,0.7674035854837387,0.8368648387391695,1.014663724090105,1.1355351644391893,1.0439201259792987,1.2002349479957495,0.9951887395220821,1.0176427069539145,0.8594108507213654,1.0049681626577418,1.0154582516108017,1.1136722358244817,0.9497853950410128,1.1210205494035286,1.0116090870659127,1.1635326382723619,1.1503567153491672
d_large,0.15678988385900894,0.1664772460942097,0.1746187520801966,0.19982816385361818,0.0,0.17486286921039734,0.10453938081732388,0.16517628782963767,0.10780142552359548,0.13722779900202056,0.1296779423953846,0.14593806381013985,1.0367101396695892,0.9982996929938006,0.961528151049365,0.981357662497414,1.0272698639273072,1.0198715965800245,0.9574054583852576,1.055790812919267,0.8960284858609255,0.9480288955553204,0.9812365833991022,0.8189417319219112,1.0895544875777374,1.0650418754132918,0.6392186830168248,1.0831011244770175,1.1893209169947256,0.8011139708473088,0.9936199285485686,1.1710705655301747,1.0752116646021428,0.8504596078551099,0.7550026937379,0.8751682700604397,0.8510081785583415,1.0590132925742337,1.23812264316575,0.9322092366694479,0.8994621985529201,0.9059182790118108
d_normal_rot90,0.1886346064938475,0.15646381727333533,0.18537432130471695,0.13353960614437926,0.17486286921039734,0.0,0.23873559129595714,0.1389615995905106,0.1683122059135583,0.2102528996943018,0.17382498677596184,0.1562329414136537,1.0775324794980037,1.0344038372154534,1.1350732750389518,1.024858682711125,1.2548068265,0.7898350203574258,1.0240069687831597,0.9650122174285732,0.6602535204492983,1.2117589372494986,1.0665385111260417,1.2362969870703846,0.7822106293525727,0.7816338602399716,1.172234169673963,1.0548995420612615,1.1718382759033743,0.9900402414570877,1.0507829426202877,1.0021246316960235,0.9227864866943587,0.826515000754586,0.837996257663616,1.0480517911319374,1.1568316216991228,0.9836815531437769,1.0024498970701037,0.9867524580699868,0.9163008489857121,0.9683654461843878
q_normal,0.16585711394820463,0.18003415452655006,0.1794684282892981,0.1788305305436048,0.10453938081732388,0.23873559129595714,0.0,0.1627921624217863,0.13252784040274052,0.14283218278452103,0.13299100340662817,0.1696437001669377,0.7192788860135118,0.8246107304154364,0.7791553218491947,0.8115634994081964,0.7975876159248261,1.0105712835452672,1.070785200165084,0.9091653182374848,0.6863760226203773,0.7679029247409588,0.9566225543334462,1.2161853582123563,0.8379045683048446,0.8240998023457714,0.7960727955204611,0.8979330901075255,0.6362448571522701,0.7915712222590268,0.9731007177960054,0.7204460599388616,0.910694591582985,0.822364610687326,0.8042612223842521,1.063685026977849,0.9704850007627961,0.8286212811299841,1.2720415788574777,0.921954797153095,1.0422223399283053,1.2189104315939658
q_large,0.13680466610193018,0.16563159034736957,0.19130780323874333,0.14488152622169212,0.16517628782963767,0.1389615995905106,0.1627921624217863,0.0,0.24849388775744471,0.16223409437512123,0.15056507921259316,0.2388971317966387,0.9567054894831147,0.9598234893924268,1.1830325867161373,0.8620210262622425,1.285872572035001,0.8130780785257152,0.9586474100345438,0.891402374386362,0.7479706023300646,0.9736303754940898,1.027263230076437,1.1502005190576468,1.1138948949237437,0.9128584095741874,0.8981185193794234,0.9154212348858439,1.1192015789156777,0.9673163352882282,0.9297389440783261,1.0199109776019595,0.7828010826014511,0.7191741942663257,0.8040457964191797,0.85914097364176,0.9899092837513846,0.7291031556036358,0.8468634174893525,0.9414433122397,0.8408993556756496,1.123780588514192
q_normal_rot90,0.18700222395844035,0.2639093330453517,0.14531253117692441,0.13565596834672844,0.10780142552359548,0.1683122059135583,0.13252784040274052,0.24849388775744471,0.0,0.16697687644269157,0.12404759054273633,0.12972302970200567,0.9541157864474391,1.0389478046212468,1.0668249149390565,1.1086292507927824,1.0750030571304234,0.893102680836988,1.1230882807021272,1.1477898392697152,0.8249685655206452,1.0277308343685059,0.891165719675183,0.8460228681244291,0.9870999957886072,0.9910573505536098,0.7761329407600339,0.7633366016027842,1.2212695076644817,1.0915493368096187,0.7698920864505028,0.8541360145579353,1.1757110667908153,1.2421640759399515,1.2611543616824419,1.1776389800831966,1.1635188585128422,1.1255004992881703,1.2072583025817016,1.0448134174940453,1.1829540313486735,1.0306458180019387
p_normal,0.14514159718041653,0.13992214718222334,0.18627234972469023,0.174763638679845,0.13722779900202056,0.2102528996943018,0.14283218278452103,0.16223409437512123,0.16697687644269157,0.0,0.13585101313303594,0.17120775792128873,1.0493564239873467,0.7633278317806629,1.053009391296531,0.8835172213553255,0.9038647480774634,1.0299014957295187,0.7673300134644198,0.9575689305585431,0.5447280808732458,0.9723804229863987,0.8974069618722298,1.0498748181223223,0.9684702027343576,0.9406699424931068,0.742209299429471,0.8481471311074559,0.8640633105638629,0.7145621799308763,0.8892463891429775,0.9104418025700853,0.8585913212522088,0.864298671868138,1.0651289390201757,0.8578346127224241,1.0376485027609423,0.9533744054601838,1.0163848961989206,1.0077891090332267,0.9505544747749934,0.9731746823718181
p_large,0.14264318162354073,0.13448201151792646,0.1390890617533356,0.14823759190030142,0.1296779423953846,0.17382498677596184,0.13299100340662817,0.15056507921259316,0.12404759054273633,0.13585101313303594,0.0,0.14196415105197602,0.944860631226415,0.8079502856257572,0.9791878593756745,0.8998850182667013,1.0151325059674245,0.9612253975246295,0.9973831905765885,1.3091324669589934,0.8719535475077057,1.0862372954396369,0.9703493221658137,1.3131770969053966,1.0534393854649873,1.2183701949087773,1.0700685397117815,1.0112900347994163,1.1365930823715842,1.143897897359111,0.9758970496361054,1.1300115559705095,1.0647289739775119,1.077291774485408,1.101421673794694,1.0952518420360162,1.1022292643149223,0.893899276719883,1.2156072027299927,1.0803375119994618,1.2571000635906944,0.9554870511602884
p_normal_rot90,0.16567467826563873,0.26586491249626704,0.1521974954219912,0.19065988270627388,0.14593806381013985,0.1562329414136537,0.1696437001669377,0.2388971317966387,0.12972302970200567,0.17120775792128873,0.14196415105197602,0.0,1.030752601759107,0.9901695684968206,1.1547664344591335,1.0067541142508254,0.9965424330699405,0.7724262806053271,0.9999776404100033,0.8132199593858076,0.6009516282775763,0.765461330638079,0.8523696585714524,0.9398390636177006,0.8754000898901998,1.0866192586970134,0.8409213835503822,0.7951236272806431,1.1160093898222854,0.8475588289295453,0.8007507407595991,0.978176896772954,1.0322202418106428,1.0525349367774242,0.7218680040634895,1.265803178624804,0.8245807465941547,1.0261083722873827,1.1503549465324754,0.9950929567302074,0.8658370292160649,0.9782332516377709
r_normal,0.8859157435649921,1.02051381752296,0.7555786123372279,0.7480159999794829,1.0367101396695892,1.0775324794980037,0.7192788860135118,0.9567054894831147,0.9541157864474391,1.0493564239873467,0.944860631226415,1.030752601759107,0.0,0.13462807562596904,0.1343317924178753,0.17610655169828002,0.15179346511536349,0.9531708324231921,0.9068618645699056,1.16913360030822,0.9201132086661477,0.9875439180052241,1.0533933395193793,1.00544340364578,1.2262101237356533,1.1831369891732992,1.1071045373885848,0.9055727718865545,0.897628807002333,0.746069202438932,1.0057933894490254,0.8069854627989993,0.8429955557604804,0.7840718546717933,1.1359714898169726,1.0337624976643214,0.7464465953978277,0.9750553232014632,0.9207305141042966,0.873845794541184,0.8205809388715766,1.0353182567651968
r_large,0.7470938688253125,0.7910800337733285,0.6378075520737204,0.9243570914157724,0.9982996929938006,1.0344038372154534,0.8246107304154364,0.9598234893924268,1.0389478046212468,0.7633278317806629,0.8079502856257572,0.9901695684968206,0.13462807562596904,0.0,0.1373987255374786,0.30358262126723423,0.10636717015155138,1.3321523111210198,1.2343710488959343,1.331209654748154,0.7977252923760905,0.8372115493711328,0.9103549710416171,0.7940612634445293,0.8003423716088286,0.7823230395511712,0.9386397575222288,0.9012076838265819,0.8704937920954985,0.7234885929789243,0.9463856377661126,0.7353355121016353,0.9361444955819593,0.9118699169414333,1.1047462853801486,1.1133354942449467,1.0682276046596753,1.0255023329044677,0.9850718706741045,0.7403904638840506,0.6242189757051503,0.9875315358697371
r_normal_flip_h,1.00385071249918,1.1722749895311337,0.7618741992387394,1.0978573029067384,0.961528151049365,1.1350732750389518,0.7791553218491947,1.1830325867161373,1.0668249149390565,1.053009391296531,0.9791878593756745,1.1547664344591335,0.1343317924178753,0.1373987255374786,0.0,0.18986003300322868,0.10204229157636592,1.1418634434966843,1.1735602719505205,1.1325613034954036,0.9664913030971839,1.1148946922625136,1.1308224962017166,1.011204371070573,1.2203448523639515,1.1763352274427363,0.8620674221436131,0.810782156615839,0.9307069292602546,0.781639541736102,0.8490073155425053,0.8210449526605443,0.8703602217568436,0.9105842482157799,0.9859507713866856,1.136119908856396,0.9916146235680908,1.0248402696394057,0.8418394365930053,0.6817515209399247,0.6751030442699961,0.7883573874281782
r_normal_flip_v,0.9264856950512852,0.8353653619734291,1.079140690125242,0.9561393796982869,0.981357662497414,1.024858682711125,0.8115634994081964,0.8620210262622425,1.1086292507927824,0.8835172213553255,0.8998850182667013,1.0067541142508254,0.17610655169828002,0.30358262126723423,0.18986003300322868,0.0,0.27827726854377194,1.3250832233828034,0.8815647978543327,1.0330433969165842,0.9350975458848441,0.9640113388719606,0.9028111691201239,0.9364034908605143,1.2517460019007403,1.3091195037902603,1.1690574177907689,0.8085243595263605,0.6583581529270432,0.8919288353188242,0.9360153065043676,0.7856914549435668,0.8961655055380857,0.9100753859711401,1.0807850646338661,0.8565283468649159,1.482068440788721,0.9820830809264801,0.924150760195559,1.1483732677845322,1.141690356158799,0.8627717909707314
r_normal_rot90,0.9344231509535871,1.141148539844834,0.7968582908846151,0.9315676489318933,1.0272698639273072,1.2548068265,0.7975876159248261,1.285872572035001,1.0750030571304234,0.9038647480774634,1.0151325059674245,0.9965424330699405,0.15179346511536349,0.10636717015155138,0.10204229157636592,0.27827726854377194,0.0,0.9961904452578525,1.2687690320769027,1.2961876109584303,0.8979475710357305,1.1471281035986283,1.14693593135265,0.97096638480655,1.209926902681323,1.1142250150761572,1.0329801234176876,0.8812107414287322,1.1014925784548695,0.6765929597082103,0.9079666256109867,0.8368004117384027,1.2824420785117885,1.2679920099078483,1.122890009031411,1.0663904337019807,0.8825927940437495,1.1320365372634997,0.8866864744153613,1.42064597731148,0.6725223412145929,0.711985108450491
a_normal,0.9505617452075864,0.8956895141264979,0.9749213897964879,0.5470961509281631,1.0198715965800245,0.7898350203574258,1.0105712835452672,0.8130780785257152,0.893102680836988,1.0299014957295187,0.9612253975246295,0.7724262806053271,0.9531708324231921,1.3321523111210198,1.1418634434966843,1.3250832233828034,0.9961904452578525,0.0,0.14373952404758553,0.12872408083858763,0.13144712013602933,0.1389997080182994,0.8024522961899493,0.6634976030292834,0.7534758168885571,0.821002139638773,0.9350472211723211,0.8421626997254013,0.9887504349103229,1.1974618609323378,0.8227111355965788,1.0790559767888763,0.7378193852621302,0.85204457175793,0.7585536649025665,0.7536361242867139,1.0099330533516655,0.9136737586748399,0.8848458868398865,0.8950542207991891,0.8507494717169566,1.050612306823456
a_large,1.0312958248390376,1.0873068522065816,1.1080639271480066,1.0035609075464702,0.9574054583852576,1.0240069687831597,1.070785200165084,0.9586474100345438,1.1230882807021272,0.7673300134644198,0.9973831905765885,0.9999776404100033,0.9068618645699056,1.2343710488959343,1.1735602719505205,0.8815647978543327,1.2687690320769027,0.14373952404758553,0.0,0.11572734650378323,0.12890496420573005,0.1274845076740074,0.6008661665853401,0.502112916939329,0.5994266534653586,0.5436799939523211,0.6301347990346399,1.4042087534392351,0.932028548971226,1.118911015437329,1.1861758793682422,0.9599511005282156,1.1594978566164706,0.9203493488961462,1.0310246936184333,0.8989514911994867,0.9764418950156571,1.0584680009495984,1.1485472458377681,1.1100435049536357,1.063420473256633,0.893731334017706
a_normal_flip_h,1.2393016220971134,0.9644127085790702,0.9385218012664925,1.03166224149144,1.055790812919267,0.9650122174285732,0.9091653182374848,0.891402374386362,1.1477898392697152,0.9575689305585431,1.3091324669589934,0.8132199593858076,1.16913360030822,1.331209654748154,1.1325613034954036,1.0330433969165842,1.2961876109584303,0.12872408083858763,0.11572734650378323,0.0,0.156501397255927,0.1485327489027974,0.5459462828130192,0.6662334642294973,0.6464583002052927,0.6957697640890946,0.8170625865600261,1.0624335096022048,1.0073248095402714,1.112841881147565,1.0042145430608915,0.8080210022866531,1.1575207522279862,0.925085473203751,1.0283285639626105,0.7883654910940263,0.8821414466482542,0.7889216884307121,0.9586701535500198,0.9354479401731434,0.8116163856995949,0.9909160922078164
a_normal_flip_v,1.2320248636562674,0.5886457097936474,0.6305883161415995,0.6847693992092292,0.8960284858609255,0.6602535204492983,0.6863760226203773,0.7479706023300646,0.8249685655206452,0.5447280808732458,0.8719535475077057,0.6009516282775763,0.9201132086661477,0.7977252923760905,0.9664913030971839,0.9350975458848441,0.8979475710357305,0.13144712013602933,0.12890496420573005,0.156501397255927,0.0,0.13505653110459886,0.6368744250799141,0.4692667448596157,0.6329351740390199,0.5520594051539601,0.6093561278652436,0.9869661415592345,1.0856643283610508,1.0626548463952772,1.0678620930773652,1.096794080203378,1.147242967648977,1.0004874038167035,1.0386445997472573,0.9318749472849914,1.0393246882476663,0.7523575192867549,0.8634915776056317,0.9613399312808575,0.7687641485602105,0.871027839826169
a_normal_rot90,0.725838042508481,1.082598750403351,1.0433234373030693,1.0244818872702464,0.9480288955553204,1.2117589372494986,0.7679029247409588,0.9736303754940898,1.0277308343685059,0.9723804229863987,1.0862372954396369,0.765461330638079,0.9875439180052241,0.8372115493711328,1.1148946922625136,0.9640113388719606,1.1471281035986283,0.1389997080182994,0.1274845076740074,0.1485327489027974,0.13505653110459886,0.0,0.5334592782455996,0.49509756511120273,0.44734212596939404,0.487344948080491,0.8902267944146478,1.0969892261179552,0.756039890395266,0.8735657190530521,1.0475144421914309,0.856979746522395,0.840191349712479,0.8925743647054274,1.056363064347809,0.9087078384132199,1.1177242057638546,1.1101021249447862,1.0616757944419057,1.1873911271000515,1.013138555278957,0.9746994096014606
e_normal,1.0666249612985523,0.9639686761399946,0.8619859990542634,0.9917194874873881,0.9812365833991022,1.0665385111260417,0.9566225543334462,1.027263230076437,0.891165719675183,0.8974069618722298,0.9703493221658137,0.8523696585714524,1.0533933395193793,0.9103549710416171,1.1308224962017166,0.9028111691201239,1.14693593135265,0.8024522961899493,0.6008661665853401,0.5459462828130192,0.6368744250799141,0.5334592782455996,0.0,0.1328018197083276,0.09864924064187229,0.11450351890707652,0.11486395432645675,1.018850627056994,0.9609654344183685,1.236972026396728,1.0962704824953322,1.0698610745785238,0.920270869869207,0.8675762960940748,0.957480506028047,1.0580524909694164,1.2127425253189223,0.9732372506036515,0.9844863009264653,0.9794422348811206,1.018680629269454,1.0707698018321938
e_large,1.1693490153641686,1.0422626837879827,0.9040780181133079,1.107919880538668,0.8189417319219112,1.2362969870703846,1.2161853582123563,1.1502005190576468,0.8460228681244291,1.0498748181223223,1.3131770969053966,0.9398390636177006,1.00544340364578,0.7940612634445293,1.011204371070573,0.9364034908605143,0.97096638480655,0.6634976030292834,0.502112916939329,0.6662334642294973,0.4692667448596157,0.49509756511120273,0.1328018197083276,0.0,0.14091657519698636,0.15159776612084047,0.10551365754995229,1.0289118939978306,1.2334390660722778,1.1767413136196292,0.9264487670022381,1.088866031658449,0.9897119409192607,0.9303941511182182,1.1892803176981035,0.8589024638237982,1.1342058889219633,0.9932441230747596,0.8533977924657618,1.0743523205458902,1.1246574948786732,1.0348092768476358
e_normal_flip_h,0.9029650192205313,0.8361301973762638,0.866817401464456,0.7087467613068142,1.0895544875777374,0.7822106293525727,0.8379045683048446,1.1138948949237437,0.9870999957886072,0.9684702027343576,1.0534393854649873,0.8754000898901998,1.2262101237356533,0.8003423716088286,1.2203448523639515,1.2517460019007403,1.209926902681323,0.7534758168885571,0.5994266534653586,0.6464583002052927,0.6329351740390199,0.44734212596939404,0.09864924064187229,0.14091657519698636,0.0,0.12388466799002697,0.13037659260560142,1.0668806626136638,0.9119418687583094,1.0643636480700545,0.992430154636994,0.689817895862271,0.911272753913237,0.8137685658775629,1.1618235950550242,0.7244593664804002,0.949688771444804,1.18543234508895,1.0606667675782957,1.2149716548634102,1.1637930383938508,0.8483906425435078
e_normal_flip_v,0.9816350490051745,0.8551047974772186,0.8907015101388097,0.7674035854837387,1.0650418754132918,0.7816338602399716,0.8240998023457714,0.9128584095741874,0.9910573505536098,0.9406699424931068,1.2183701949087773,1.0866192586970134,1.1831369891732992,0.7823230395511712,1.1763352274427363,1.3091195037902603,1.1142250150761572,0.821002139638773,0.5436799939523211,0.6957697640890946,0.5520594051539601,0.487344948080491,0.11450351890707652,0.15159776612084047,0.12388466799002697,0.0,0.12188884709449606,0.9595445192727032,1.0008062654899579,1.0874324384161607,1.166415116667997,0.8505768918235552,1.0106616195583302,0.7956154022960511,1.2574154681102352,0.7980924836022041,0.9262036863204312,1.03794796699876,1.0126268258036932,1.046457914941171,1.0472327710126417,0.8204108370311896
e_normal_rot90,1.0855802469162683,0.9020091374155313,0.9456108789230074,0.8368648387391695,0.6392186830168248,1.172234169673963,0.7960727955204611,0.8981185193794234,0.7761329407600339,0.742209299429471,1.0700685397117815,0.8409213835503822,1.1071045373885848,0.9386397575222288,0.8620674221436131,1.1690574177907689,1.0329801234176876,0.9350472211723211,0.6301347990346399,0.8170625865600261,0.6093561278652436,0.8902267944146478,0.11486395432645675,0.10551365754995229,0.13037659260560142,0.12188884709449606,0.0,1.1336822764920687,1.254826628799053,1.0144788809483225,1.047838892663181,1.182156581250782,0.9868841019322728,0.816812395744551,1.0916527634539719,0.8731821487386042,0.7679675935754934,0.83174174248694,0.8368464801664136,0.875756577853592,0.9323487446307225,1.011258968233851
f_normal,0.9658604539841289,0.9927641725773713,1.230605504588116,1.014663724090105,1.0831011244770175,1.0548995420612615,0.8979330901075255,0.9154212348858439,0.7633366016027842,0.8481471311074559,1.0112900347994163,0.7951236272806431,0.9055727718865545,0.9012076838265819,0.810782156615839,0.8085243595263605,0.8812107414287322,0.8421626997254013,1.4042087534392351,1.0624335096022048,0.9869661415592345,1.0969892261179552,1.018850627056994,1.0289118939978306,1.0668806626136638,0.9595445192727032,1.1336822764920687,0.0,0.11167754583462211,0.13203599313238396,0.1297201013223777,0.15344041743739903,1.297409231996848,1.0581395711194324,0.7788091498973493,0.8729179283903746,1.206430460413666,0.8048078102294767,1.1651376637771103,1.136077711989615,1.1528655442967608,1.06486378154988
f_large,1.020844350126284,1.0993583252093944,0.8995155060668919,1.1355351644391893,1.1893209169947256,1.1718382759033743,0.6362448571522701,1.1192015789156777,1.2212695076644817,0.8640633105638629,1.1365930823715842,1.1160093898222854,0.897628807002333,0.8704937920954985,0.9307069292602546,0.6583581529270432,1.1014925784548695,0.9887504349103229,0.932028548971226,1.0073248095402714,1.0856643283610508,0.756039890395266,0.9609654344183685,1.2334390660722778,0.9119418687583094,1.0008062654899579,1.254826628799053,0.11167754583462211,0.0,0.13705145273502398,0.15459074290689653,0.1573078032908251,1.2424106153586498,1.113413113275095,0.8444046848402742,0.8731826205799539,0.9393709755292591,0.8180585065709908,1.206178594335166,1.1090864900254775,0.9723256825696917,1.1707765262516134
f_normal_flip_h,0.9471812272563296,0.9299727396949162,1.1382131470399197,1.0439201259792987,0.8011139708473088,0.9900402414570877,0.7915712222590268,0.9673163352882282,1.0915493368096187,0.7145621799308763,1.143897897359111,0.8475588289295453,0.746069202438932,0.7234885929789243,0.781639541736102,0.8919288353188242,0.6765929597082103,1.1974618609323378,1.118911015437329,1.112841881147565,1.0626548463952772,0.8735657190530521,1.236972026396728,1.1767413136196292,1.0643636480700545,1.0874324384161607,1.0144788809483225,0.13203599313238396,0.13705145273502398,0.0,0.11236750792001043,0.17928781044334244,1.3980023075187566,1.2180521404197227,0.7239898727107383,0.875254375998999,0.9245175125363699,1.125828386836147,1.096535944847675,0.850474265848525,0.8116655059657015,0.9194962064508696
f_normal_flip_v,0.9228280540852499,0.9739703731835783,1.1452699775425415,1.2002349479957495,0.9936199285485686,1.0507829426202877,0.9731007177960054,0.9297389440783261,0.7698920864505028,0.8892463891429775,0.9758970496361054,0.8007507407595991,1.0057933894490254,0.9463856377661126,0.8490073155425053,0.9360153065043676,0.9079666256109867,0.8227111355965788,1.1861758793682422,1.0042145430608915,1.0678620930773652,1.0475144421914309,1.0962704824953322,0.9264487670022381,0.992430154636994,1.166415116667997,1.047838892663181,0.1297201013223777,0.15459074290689653,0.11236750792001043,0.0,0.18301063402091222,1.1911161181779977,1.119722126443601,0.8372797960169454,0.9408243298387627,1.0206909461455405,0.831027306199357,1.0034725555226658,1.015310366196797,1.0053605034007762,0.8580202917670007
f_normal_rot90,1.0940460727077155,0.8886386324665212,1.2510534542524208,0.9951887395220821,1.1710705655301747,1.0021246316960235,0.7204460599388616,1.0199109776019595,0.8541360145579353,0.9104418025700853,1.1300115559705095,0.978176896772954,0.8069854627989993,0.7353355121016353,0.8210449526605443,0.7856914549435668,0.8368004117384027,1.0790559767888763,0.9599511005282156,0.8080210022866531,1.096794080203378,0.856979746522395,1.0698610745785238,1.088866031658449,0.689817895862271,0.8505768918235552,1.182156581250782,0.15344041743739903,0.1573078032908251,0.17928781044334244,0.18301063402091222,0.0,0.9600752766292264,1.0036765962756367,0.9575089226031928,0.8373699444345704,0.9164605085179851,0.9080666193395378,1.1291695861644644,0.9187489754189387,0.851627446611675,0.907114274636488
h_normal,1.1105784581971627,0.8549989738029182,0.8795907726468895,1.0176427069539145,1.0752116646021428,0.9227864866943587,0.910694591582985,0.7828010826014511,1.1757110667908153,0.8585913212522088,1.0647289739775119,1.0322202418106428,0.8429955557604804,0.9361444955819593,0.8703602217568436,0.8961655055380857,1.2824420785117885,0.7378193852621302,1.1594978566164706,1.1575207522279862,1.147242967648977,0.840191349712479,0.920270869869207,0.9897119409192607,0.911272753913237,1.0106616195583302,0.9868841019322728,1.297409231996848,1.2424106153586498,1.3980023075187566,1.1911161181779977,0.9600752766292264,0.0,0.12333379746748714,0.15928128682994666,0.1245408954448406,0.12243601173145129,0.9263439175649826,1.26288330604737,0.8707663935818748,1.2251224966107273,0.6675832846537286
h_large,1.1016663725322058,0.8896927552555794,0.8304478801256543,0.8594108507213654,0.8504596078551099,0.826515000754586,0.822364610687326,0.7191741942663257,1.2421640759399515,0.864298671868138,1.077291774485408,1.0525349367774242,0.7840718546717933,0.9118699169414333,0.9105842482157799,0.9100753859711401,1.2679920099078483,0.85204457175793,0.9203493488961462,0.925085473203751,1.0004874038167035,0.8925743647054274,0.8675762960940748,0.9303941511182182,0.8137685658775629,0.7956154022960511,0.816812395744551,1.0581395711194324,1.113413113275095,1.2180521404197227,1.119722126443601,1.0036765962756367,0.12333379746748714,0.0,0.1299323082622695,0.12395488501810774,0.12735780836401553,1.0899611448392068,1.1971104059359743,1.0421280248812252,1.1378332412242085,0.9692944974726142
h_normal_flip_h,1.0541165213451984,1.0512653552481352,0.9115489137769688,1.0049681626577418,0.7550026937379,0.837996257663616,0.8042612223842521,0.8040457964191797,1.2611543616824419,1.0651289390201757,1.101421673794694,0.7218680040634895,1.1359714898169726,1.1047462853801486,0.9859507713866856,1.0807850646338661,1.122890009031411,0.7585536649025665,1.0310246936184333,1.0283285639626105,1.0386445997472573,1.056363064347809,0.957480506028047,1.1892803176981035,1.1618235950550242,1.2574154681102352,1.0916527634539719,0.7788091498973493,0.8444046848402742,0.7239898727107383,0.8372797960169454,0.9575089226031928,0.15928128682994666,0.1299323082622695,0.0,0.14189571623552957,0.12089492391378744,0.9327084877911931,0.9965396254293734,0.9695834998600437,0.8768558789729092,0.7348944568044415
h_normal_flip_v,1.1330004323128602,1.0374793540010483,1.044729832887505,1.0154582516108017,0.8751682700604397,1.0480517911319374,1.063685026977849,0.85914097364176,1.1776389800831966,0.8578346127224241,1.0952518420360162,1.265803178624804,1.0337624976643214,1.1133354942449467,1.136119908856396,0.8565283468649159,1.0663904337019807,0.7536361242867139,0.8989514911994867,0.7883654910940263,0.9318749472849914,0.9087078384132199,1.0580524909694164,0.8589024638237982,0.7244593664804002,0.7980924836022041,0.8731821487386042,0.8729179283903746,0.8731826205799539,0.875254375998999,0.9408243298387627,0.8373699444345704,0.1245408954448406,0.12395488501810774,0.14189571623552957,0.0,0.10172492244263069,0.8958534909712578,0.8265654774019137,0.9509588110448752,1.218891684018617,0.6652047911381832
h_normal_rot90,1.2709173607157735,1.2013255983742739,0.8883017087208568,1.1136722358244817,0.8510081785583415,1.1568316216991228,0.9704850007627961,0.9899092837513846,1.1635188585128422,1.0376485027609423,1.1022292643149223,0.8245807465941547,0.7464465953978277,1.0682276046596753,0.9916146235680908,1.482068440788721,0.8825927940437495,1.0099330533516655,0.9764418950156571,0.8821414466482542,1.0393246882476663,1.1177242057638546,1.2127425253189223,1.1342058889219633,0.949688771444804,0.9262036863204312,0.7679675935754934,1.206430460413666,0.9393709755292591,0.9245175125363699,1.0206909461455405,0.9164605085179851,0.12243601173145129,0.12735780836401553,0.12089492391378744,0.10172492244263069,0.0,0.5733125484526895,1.1960037807416475,0.5760972676906686,0.7169368329261825,0.6025021179207721
k_normal,1.0094106506047904,0.7099585119297256,0.953561878142147,0.9497853950410128,1.0590132925742337,0.9836815531437769,0.8286212811299841,0.7291031556036358,1.1255004992881703,0.9533744054601838,0.893899276719883,1.0261083722873827,0.9750553232014632,1.0255023329044677,1.0248402696394057,0.9820830809264801,1.1320365372634997,0.9136737586748399,1.0584680009495984,0.7889216884307121,0.7523575192867549,1.1101021249447862,0.9732372506036515,0.9932441230747596,1.18543234508895,1.03794796699876,0.83174174248694,0.8048078102294767,0.8180585065709908,1.125828386836147,0.831027306199357,0.9080666193395378,0.9263439175649826,1.0899611448392068,0.9327084877911931,0.8958534909712578,0.5733125484526895,0.0,0.1203729954798279,0.12121154799846337,0.11088537921919815,0.11690312144463835
k_large,1.054537225712526,0.8324566526108813,1.1616761163453744,1.1210205494035286,1.23812264316575,1.0024498970701037,1.2720415788574777,0.8468634174893525,1.2072583025817016,1.0163848961989206,1.2156072027299927,1.1503549465324754,0.9207305141042966,0.9850718706741045,0.8418394365930053,0.924150760195559,0.8866864744153613,0.8848458868398865,1.1485472458377681,0.9586701535500198,0.8634915776056317,1.0616757944419057,0.9844863009264653,0.8533977924657618,1.0606667675782957,1.0126268258036932,0.8368464801664136,1.1651376637771103,1.206178594335166,1.096535944847675,1.0034725555226658,1.1291695861644644,1.26288330604737,1.1971104059359743,0.9965396254293734,0.8265654774019137,1.1960037807416475,0.1203729954798279,0.0,0.1132147421904504,0.12984239573612613,0.12282973747041129
k_normal_flip_h,1.0761968068384173,0.87633482004043,0.97675463792929,1.0116090870659127,0.9322092366694479,0.9867524580699868,0.921954797153095,0.9414433122397,1.0448134174940453,1.0077891090332267,1.0803375119994618,0.9950929567302074,0.873845794541184,0.7403904638840506,0.6817515209399247,1.1483732677845322,1.42064597731148,0.8950542207991891,1.1100435049536357,0.9354479401731434,0.9613399312808575,1.1873911271000515,0.9794422348811206,1.0743523205458902,1.2149716548634102,1.046457914941171,0.875756577853592,1.136077711989615,1.1090864900254775,0.850474265848525,1.015310366196797,0.9187489754189387,0.8707663935818748,1.0421280248812252,0.9695834998600437,0.9509588110448752,0.5760972676906686,0.12121154799846337,0.1132147421904504,0.0,0.0939158220682294,0.16151074734988982
k_normal_flip_v,1.0904377561291267,0.6515601655271726,0.8814363705374483,1.1635326382723619,0.8994621985529201,0.9163008489857121,1.0422223399283053,0.8408993556756496,1.1829540313486735,0.9505544747749934,1.2571000635906944,0.8658370292160649,0.8205809388715766,0.6242189757051503,0.6751030442699961,1.141690356158799,0.6725223412145929,0.8507494717169566,1.063420473256633,0.8116163856995949,0.7687641485602105,1.013138555278957,1.018680629269454,1.1246574948786732,1.1637930383938508,1.0472327710126417,0.9323487446307225,1.1528655442967608,0.9723256825696917,0.8116655059657015,1.0053605034007762,0.851627446611675,1.2251224966107273,1.1378332412242085,0.8768558789729092,1.218891684018617,0.7169368329261825,0.11088537921919815,0.12984239573612613,0.0939158220682294,0.0,0.1573390618149146
k_normal_rot90,0.9829260596602181,1.018905768243769,1.0025993534306679,1.1503567153491672,0.9059182790118108,0.9683654461843878,1.2189104315939658,1.123780588514192,1.0306458180019387,0.9731746823718181,0.9554870511602884,0.9782332516377709,1.0353182567651968,0.9875315358697371,0.7883573874281782,0.8627717909707314,0.711985108450491,1.050612306823456,0.893731334017706,0.9909160922078164,0.871027839826169,0.9746994096014606,1.0707698018321938,1.0348092768476358,0.8483906425435078,0.8204108370311896,1.011258968233851,1.06486378154988,1.1707765262516134,0.9194962064508696,0.8580202917670007,0.907114274636488,0.6675832846537286,0.9692944974726142,0.7348944568044415,0.6652047911381832,0.6025021179207721,0.11690312144463835,0.12282973747041129,0.16151074734988982,0.1573390618149146,0.0
