,b_normal,b_large,b_normal_rot90,d_normal,d_large,d_normal_rot90,q_normal,q_large,q_normal_rot90,p_normal,p_large,p_normal_rot90,r_normal,r_large,r_normal_flip_h,r_normal_flip_v,r_normal_rot90,a_normal,a_large,a_normal_flip_h,a_normal_flip_v,a_normal_rot90,e_normal,e_large,e_normal_flip_h,e_normal_flip_v,e_normal_rot90,f_normal,f_large,f_normal_flip_h,f_normal_flip_v,f_normal_rot90,h_normal,h_large,h_normal_flip_h,h_normal_flip_v,h_normal_rot90,k_normal,k_large,k_normal_flip_h,k_normal_flip_v,k_normal_rot90
b_normal,0.0,0.24877999494948969,0.2290603109539327,1.0763559375785623,0.92380295470434,0.832315018156721,0.6300963104098336,1.1838336617078153,0.6933079860763964,0.8134088823121589,0.9440355348243448,0.5696250659757657,0.8761169565926625,1.3461377335704419,1.1348940838398884,1.3912152955321442,1.0354956850669421,1.2006818071973613,0.9061386729235694,1.3330930450301806,1.1814129598027725,1.4119710851439062,1.6695242352511397,1.0375134557327508,1.0864651334178999,1.370709123653495,1.0048202307705116,0.9513900131441024,0.9973433458072962,1.0519599889966709,1.2731419701890128,1.197702340859965,1.2244853804337468,1.287469485670316,1.1940128126450107,1.086336257815331,1.1165311097939588,0.8173275615778881,1.0843529748159133,1.2890172428694113,1.099447981356273,1.1730362237141359
b_large,0.24877999494948969,0.0,0.2680195578468895,0.49117812387238385,0.6578473766000971,0.46915077712571834,0.7224878383055491,0.6123920728929643,0.685356724906509,0.7696009930501708,0.9881689815033695,0.6498333123085831,1.1122491545020936,1.4821998544958137,0.9881455092162952,1.1176972369985894,0.932719761544262,0.9688992727889139,0.9878513831591771,0.8446861680646844,1.1860802170461426,1.462228154014392,0.8553653908328444,1.083874920839573,1.1789178657480612,1.2950748237551075,1.0580291624754397,1.2993391879930336,1.222526153540689,1.4496209390643533,1.32247348075333,1.614717977762584,1.3102543637315207,1.3079691034930194,1.3299764435521064,1.267108795876225,1.2744180992239866,1.5166593637576102,1.401564867563522,1.286505952148412,1.3694557752694378,1.2347216354872859
b_normal_rot90,0.2290603109539327,0.2680195578468895,0.0,0.9179027733656532,1.4070084184671092,1.3781250513045396,0.43014061534494186,0.948039339820984,0.6518634937862469,0.8675103473734624,0.9872980724139595,0.4239190979525573,0.9164161370494188,1.6649787861840037,1.6383020562355035,1.543414594374256,0.956141473783066,1.1746736068805959,1.0622632053297338,1.0048259067482082,1.3870779793124794,1.2375135867524327,1.0529842021133302,1.2246693284426124,1.2421474512234072,1.25296053617736,0.8087760334655142,1.3657666387484428,1.2870240645766076,1.5372908803517022,1.2846380687917203,1.6941956820977206,0.942475689508741,1.1851098841582548,0.9024052303071102,0.9931352302849101,1.2249485090253633,1.4648356423963673,1.4372569541908988,0.8524717215136808,1.1494354747686872,1.1429940671463843
d_normal,1.0763559375785623,0.49117812387238385,0.9179027733656532,0.0,0.25346231244628054,0.27105499506029873,0.8816058204511561,0.6919005498405912,0.8037837079986238,0.7040366444956996,0.9708683203062793,1.0146280887164294,1.0780386440275513,1.1826671107021949,1.0753363935395495,1.1915834894079342,0.9843111967357457,0.8159199880736713,0.9605448829488659,0.8446633946982807,1.1228043006290085,0.7967888703809548,1.3200219004629472,1.5144563946795149,0.8984846387096047,1.4889098805840595,0.9754322846790636,0.9166215626064663,1.2591652771730102,1.0273545878473165,1.0156560535916237,1.1548924172517294,1.0163496162547445,0.9073390759421659,0.9824567193127567,1.2573284403283609,1.4213329284039267,1.1267568777718295,1.3184983407706012,1.1639227183685794,1.187985249064532,1.0706402427078063
d_large,0.92380295470434,0.6578473766000971,1.4070084184671092,0.25346231244628054,0.0,0.2596406942178504,1.2961092917673873,1.2812675287405724,0.7123458260122172,0.7034336603672773,1.4765134369830228,1.069055749724939,1.177531137607836,1.3822422109899697,1.3074644261941093,1.4233451331870228,1.173928876122098,1.0732753761666602,0.9169209285048913,1.043320883296872,0.8839718103272866,0.9738659500965511,1.372212762959259,0.8031906287251016,0.9550800089362221,0.9979769393963625,0.948352181224999,1.0293667557644763,1.2565694123691558,1.167248122456118,1.0845040982322054,1.646573322826611,1.1717780274096765,1.10653015302601,1.0010539544128503,1.0209206132258901,1.2378554751843802,1.026610661148034,1.356964338669415,1.3071957181276477,1.0051388790149656,1.3665114003481105
d_normal_rot90,0.832315018156721,0.46915077712571834,1.3781250513045396,0.27105499506029873,0.2596406942178504,0.0,0.5971630401103654,0.6883272460910452,0.3932215668426448,0.7965457999875281,0.8125558056486937,0.6002841779204843,1.4581516039123368,1.1255481963110354,1.2258370492079573,1.4595160402688347,1.421191135519926,0.920130293312682,0.851377692088242,0.9764216233570261,0.7783551113149312,0.8377206857728969,1.1073099802177566,1.1954452440541354,1.020148647928215,1.3928465177995542,1.3148503256413062,1.2510626752402256,1.0490798754965547,0.9992417749958912,1.3979790396683398,1.2550526198641654,1.1853311401143753,0.8394393216680309,1.2917947636840186,1.293683701754765,1.1777001063025103,1.0228546207022873,1.0326893844328964,1.1754677385490488,1.1514646522264955,0.9381160266056833
q_normal,0.6300963104098336,0.7224878383055491,0.43014061534494186,0.8816058204511561,1.2961092917673873,0.5971630401103654,0.0,0.22087116100280899,0.4335562957166326,0.5179336404315716,0.5806834846147999,0.3422916327161569,1.5269194585317276,1.2606946834019759,1.2066285553737788,1.662100624125801,0.9897294369869666,1.0471875217961832,0.9272610610388899,1.2966716985474693,0.7973147604735329,1.2265580250377595,1.0807808362048699,1.039304917658359,1.010751280136006,0.8762396708399111,1.0442063369006254,1.2526362834008078,1.107896649686139,1.2538097760750189,1.3963132380118535,1.3148378291073735,1.7232524852749833,1.6418414096094847,1.0583982879840443,1.0780593057949712,1.2558779279580417,1.2385607816350594,1.1716946868391065,1.038775538179858,1.1866159026521006,1.049501841424456
q_large,1.1838336617078153,0.6123920728929643,0.948039339820984,0.6919005498405912,1.2812675287405724,0.6883272460910452,0.22087116100280899,0.0,0.3311034407400446,0.6765171158695673,0.5853828420500029,0.6778956894113916,1.4479256424742388,0.9611174389748449,1.1993981400619036,1.3993817558928223,1.163553458814939,0.8647154758675365,1.1577140155029657,0.8759131347603573,1.1996739305132225,0.9239940702294859,0.9221495837223184,1.0375451384230547,1.360060441719595,0.8190936548936326,1.561642163867021,1.3704922993169693,1.1385495151278682,1.2439507156762766,1.227350148272049,1.5026246747386853,1.5400287180831125,1.4747912304488244,1.0908968565378134,1.1345863908142144,1.1941204633123634,1.217936224237147,1.1830410381099425,1.1989489988740551,1.548672996280951,1.3802459143596049
q_normal_rot90,0.6933079860763964,0.685356724906509,0.6518634937862469,0.8037837079986238,0.7123458260122172,0.3932215668426448,0.4335562957166326,0.3311034407400446,0.0,0.442613069108545,0.7606126866791126,0.5788842319258909,1.6477153967351257,1.3587395306512366,1.44192554980098,1.4920464809521854,1.281714225087867,1.0571928961844215,1.4399140598955322,1.5171512704627983,1.049514594944851,1.2071401231688332,1.03964159155693,1.1710207255957152,0.9927927809178725,0.8168888996865693,1.1587147303263836,1.3584243967480103,1.142498333894848,0.8500910117611667,1.2594269848317852,1.448375200569826,1.39609831990672,0.9676935695759189,1.0305910644579417,1.091713361795524,1.1584368804460337,1.0585983151228615,1.1506014436831418,1.262668995799033,0.9381380986559369,1.157271627973759
p_normal,0.8134088823121589,0.7696009930501708,0.8675103473734624,0.7040366444956996,0.7034336603672773,0.7965457999875281,0.5179336404315716,0.6765171158695673,0.442613069108545,0.0,0.28901815683623916,0.26663900353082315,1.142070170447199,1.3704986832480668,1.2636942650497704,1.3991550376492148,1.3563739847358827,1.3268702587874706,0.900458275104336,1.5616421241007359,1.0342688258913888,1.1591039333467272,1.4548815739986727,1.148658271724987,1.189211550778102,1.196932810969274,1.3258742466940767,1.107795172347621,1.38933060215198,0.987924249000521,1.285272329629024,1.1871810362809734,1.1532392763395083,1.0938432327188765,1.0936983837140966,0.8932117518834269,0.9731830049439237,1.2722445313205446,1.2966962757450804,1.228659615647612,1.1974867823600732,1.2231034641144394
p_large,0.9440355348243448,0.9881689815033695,0.9872980724139595,0.9708683203062793,1.4765134369830228,0.8125558056486937,0.5806834846147999,0.5853828420500029,0.7606126866791126,0.28901815683623916,0.0,0.2998696796168014,1.36862405413435,1.0537069153958565,1.5433536878058205,1.5760995181382182,1.4936420223937943,1.0727349804586097,1.0209782322881917,0.8812551947639607,1.2011116437629175,1.1432095444196624,0.921862002805908,1.2130637812851615,1.0845916675564948,1.3586717122475893,1.2185617577208463,1.2212714312871489,1.4593767226770396,1.5113924354994648,1.3910968697590156,1.248247993511425,1.354673586488302,1.0308559026950928,1.1207377990765524,0.9296923264985237,1.1689828247115477,1.4926054397437005,1.0549938480882566,1.0806760786828373,1.154224762476533,1.2820785748768495
p_normal_rot90,0.5696250659757657,0.6498333123085831,0.4239190979525573,1.0146280887164294,1.069055749724939,0.6002841779204843,0.3422916327161569,0.6778956894113916,0.5788842319258909,0.26663900353082315,0.2998696796168014,0.0,1.293569478755332,1.2097087904287198,1.310508282771941,1.3885361672927765,1.315708274228071,1.0374544458290291,1.293309809363956,1.5265018680203113,1.0154025188796747,1.2023604822382867,1.194026429304288,1.2187219799538525,0.9512407378654109,1.102749967426436,0.9800315877194954,1.0804118718278335,1.2146356992981384,1.1391315021198474,1.021688648578967,1.3097037625043941,1.286517626238327,1.2956280426067717,1.1605561797710902,1.1996190060332568,1.1975972459424145,0.992720126327067,0.8320515520559525,1.258057223199918,1.3103500770342034,1.095210020822715
r_normal,0.8761169565926625,1.1122491545020936,0.9164161370494188,1.0780386440275513,1.177531137607836,1.4581516039123368,1.5269194585317276,1.4479256424742388,1.6477153967351257,1.142070170447199,1.36862405413435,1.293569478755332,0.0,0.31240098638544556,0.25938039396655527,0.26411788299878725,0.2825230120374599,1.1650072077581042,1.1436454346884368,1.0685327072385962,0.8967653744510015,1.1080838301493898,1.0621600779233742,0.9066279487311134,1.04277427692408,1.2265109297786418,0.9713639709687272,1.0541651191952617,1.0417184491890623,1.3994131564016743,1.167105690080706,1.2024658474808618,0.9814635184275448,1.3094646234687033,0.9974473245282202,1.0065571535405435,1.106156572769102,1.0043558245842785,1.0164235174731424,1.6501356651448678,0.8864060144104449,1.1562808924371937
r_large,1.3461377335704419,1.4821998544958137,1.6649787861840037,1.1826671107021949,1.3822422109899697,1.1255481963110354,1.2606946834019759,0.9611174389748449,1.3587395306512366,1.3704986832480668,1.0537069153958565,1.2097087904287198,0.31240098638544556,0.0,0.3732656577658686,0.2716366595192744,0.2608671191248142,1.225387818772065,1.6594736062799376,1.006380299637728,1.1736087394016979,1.4477674738173343,1.076367678326032,1.134450025694419,1.2422907270101857,1.051376539698505,1.0139062486388977,0.7766125326397223,1.1028547047089823,0.8377527421363854,0.9061340411781578,0.8438399258399366,1.0466356802294208,1.141884506269007,1.3910095914150165,1.1160910924295586,1.183423196659537,1.02801844634856,1.0103363192177468,1.0876050737572194,1.0877738607167142,1.2065651200406362
r_normal_flip_h,1.1348940838398884,0.9881455092162952,1.6383020562355035,1.0753363935395495,1.3074644261941093,1.2258370492079573,1.2066285553737788,1.1993981400619036,1.44192554980098,1.2636942650497704,1.5433536878058205,1.310508282771941,0.25938039396655527,0.3732656577658686,0.0,0.27029292284291934,0.3107526021515785,1.2368931367658933,1.4132687550420702,1.439677937307884,0.9730160033554391,1.1496949760687791,1.0721853326172157,1.227064965157366,1.075796934671028,1.1202742721495245,0.9508553719168029,1.262447812991842,1.6553227725822335,1.4447091446770275,1.4728404967064188,1.1726563544318163,1.089433866989745,1.0612366709475283,1.1820354985157495,0.8305107763232664,1.2675134811968631,1.0031919652531291,1.207671564777537,1.1014698437998849,0.9430092297185482,1.3647671672010937
r_normal_flip_v,1.3912152955321442,1.1176972369985894,1.543414594374256,1.1915834894079342,1.4233451331870228,1.4595160402688347,1.662100624125801,1.3993817558928223,1.4920464809521854,1.3991550376492148,1.5760995181382182,1.3885361672927765,0.26411788299878725,0.2716366595192744,0.27029292284291934,0.0,0.2890073540670947,1.3504853987698653,1.301807617376027,1.2826684093212897,1.4962108583794809,1.156181840026803,0.893295518879952,1.1194823853667064,1.2747983312767048,1.036707795975162,1.0557719618809827,1.0690929261424096,1.3681299723589595,1.261066649076949,1.1407348788174925,0.8582494289808685,1.1922107035245961,1.1329788081802474,1.15458679248688,1.032355501397957,1.1410060749794388,1.1080250858607297,1.1431703524541503,1.2926550842439277,1.3357212478614915,1.121785365911175
r_normal_rot90,1.0354956850669421,0.932719761544262,0.956141473783066,0.9843111967357457,1.173928876122098,1.421191135519926,0.9897294369869666,1.163553458814939,1.281714225087867,1.3563739847358827,1.4936420223937943,1.315708274228071,0.2825230120374599,0.2608671191248142,0.3107526021515785,0.2890073540670947,0.0,0.9343796026314978,1.189690682145032,0.9749637859331424,0.8759252424086088,1.421626928346524,1.0493026469024984,1.1510758910850651,0.9647019206142265,1.3163872142093513,0.9727941258594884,0.9612966852673566,1.2781616538955674,1.3153144869254956,1.032376614959355,1.2644144713272827,0.9653451558432944,1.0410437627760978,1.4793574021345646,0.9985719881643409,1.2347360231836195,1.0236540131553615,1.129015204674446,1.557206216695623,0.864967887232406,1.4372315251919643
a_normal,1.2006818071973613,0.9688992727889139,1.1746736068805959,0.8159199880736713,1.0732753761666602,0.920130293312682,1.0471875217961832,0.8647154758675365,1.0571928961844215,1.3268702587874706,1.0727349804586097,1.0374544458290291,1.1650072077581042,1.225387818772065,1.2368931367658933,1.3504853987698653,0.9343796026314978,0.0,0.23735962140327627,0.294569862156414,0.9922376594303228,0.24891205379157122,1.1580401448626805,0.7722960696188875,0.9974164409659364,0.7186091651874563,0.8974240133786123,1.422118550419046,1.2982290657069848,1.2530968833589735,0.9958553040444595,1.19108040956974,1.1772777411376039,0.9196313494397678,1.1852480627801183,1.2931346110128108,1.1099467783223578,1.4232601607418327,1.3552004339406731,1.0866097679546485,1.3993976655369185,1.2414702942028937
a_large,0.9061386729235694,0.9878513831591771,1.0622632053297338,0.9605448829488659,0.9169209285048913,0.851377692088242,0.9272610610388899,1.1577140155029657,1.4399140598955322,0.900458275104336,1.0209782322881917,1.293309809363956,1.1436454346884368,1.6594736062799376,1.4132687550420702,1.301807617376027,1.189690682145032,0.23735962140327627,0.0,0.2825308997683945,0.96569153355718,0.23814328231469903,1.3407694726170036,1.6066320419411766,1.1905230342628979,1.1170554154321468,1.386387228809112,1.2415725489732832,0.8919412139873859,1.4495935448569606,1.4415986992241283,1.3679767463632757,1.217385212789846,0.9756017780349522,1.0607012032760137,0.8735570717793122,1.030834192566749,1.5229856908055246,1.3063866103699031,1.321812978013519,1.5730871203599948,1.4641040530424771
a_normal_flip_h,1.3330930450301806,0.8446861680646844,1.0048259067482082,0.8446633946982807,1.043320883296872,0.9764216233570261,1.2966716985474693,0.8759131347603573,1.5171512704627983,1.5616421241007359,0.8812551947639607,1.5265018680203113,1.0685327072385962,1.006380299637728,1.439677937307884,1.2826684093212897,0.9749637859331424,0.294569862156414,0.2825308997683945,0.0,0.9477792868326005,0.30581491941626393,1.1186357465331518,1.0362135724237291,1.3029363284728885,0.8051831610724504,0.9447597412860764,0.6900874708790772,0.946795453860165,1.2956342451935263,0.7168998424490067,1.488278064032695,1.2671739274640197,1.280550676657302,1.6927673902474114,1.195928383622903,1.1911159419639687,1.080718592134826,1.0307365321465984,0.9722690690979622,1.3442756246128127,0.888301846716616
a_normal_flip_v,1.1814129598027725,1.1860802170461426,1.3870779793124794,1.1228043006290085,0.8839718103272866,0.7783551113149312,0.7973147604735329,1.1996739305132225,1.049514594944851,1.0342688258913888,1.2011116437629175,1.0154025188796747,0.8967653744510015,1.1736087394016979,0.9730160033554391,1.4962108583794809,0.8759252424086088,0.9922376594303228,0.96569153355718,0.9477792868326005,0.0,0.8209319168282229,1.094350530090303,0.9008062999612028,0.6868695539874556,1.0674359641962556,1.096301111583516,0.9517752850885568,1.1600535868986765,1.1101877632781656,1.1373614561387317,1.2288197989969525,1.2425512487855879,1.1181753003812058,0.9125849561155926,1.419563478997349,1.136857879624163,1.1695925095245254,1.6694598807686807,0.8560988573180399,1.193851906060854,1.3613589964237796
a_normal_rot90,1.4119710851439062,1.462228154014392,1.2375135867524327,0.7967888703809548,0.9738659500965511,0.8377206857728969,1.2265580250377595,0.9239940702294859,1.2071401231688332,1.1591039333467272,1.1432095444196624,1.2023604822382867,1.1080838301493898,1.4477674738173343,1.1496949760687791,1.156181840026803,1.421626928346524,0.24891205379157122,0.23814328231469903,0.30581491941626393,0.8209319168282229,0.0,1.0730687865305986,0.7739845980059084,0.9553640609789273,0.7404366756569083,0.6854125155092958,1.303603110263138,1.1054575140096423,1.0980191144798241,1.6373011569802376,0.942702938111895,1.3012466913506544,0.8110732211297312,1.1233292073639596,1.0367708687621735,0.8983198488073119,1.2328193607618951,1.482397865090596,1.3420138780776947,1.48263346523443,1.4821019453710567
e_normal,1.6695242352511397,0.8553653908328444,1.0529842021133302,1.3200219004629472,1.372212762959259,1.1073099802177566,1.0807808362048699,0.9221495837223184,1.03964159155693,1.4548815739986727,0.921862002805908,1.194026429304288,1.0621600779233742,1.076367678326032,1.0721853326172157,0.893295518879952,1.0493026469024984,1.1580401448626805,1.3407694726170036,1.1186357465331518,1.094350530090303,1.0730687865305986,0.0,0.2697853391610752,0.3652309833903527,0.2799110034254821,0.34840381584144503,1.028769727603594,1.452596349195448,1.3261949892016982,1.3840980169689272,1.1392436762406057,1.216104750048286,1.3991326954084986,1.420310910757014,1.0220939856070879,1.523170887180562,1.359610919536671,1.2970709808704701,1.41463322653528,1.1062427677848758,1.030325139218621
e_large,1.0375134557327508,1.083874920839573,1.2246693284426124,1.5144563946795149,0.8031906287251016,1.1954452440541354,1.039304917658359,1.0375451384230547,1.1710207255957152,1.148658271724987,1.2130637812851615,1.2187219799538525,0.9066279487311134,1.134450025694419,1.227064965157366,1.1194823853667064,1.1510758910850651,0.7722960696188875,1.6066320419411766,1.0362135724237291,0.9008062999612028,0.7739845980059084,0.2697853391610752,0.0,0.46178913804975075,0.28489139940776265,0.3118719581784741,1.5316076185360223,1.3806472824907097,1.5399371063944711,1.3798587450443618,1.3915291222230803,1.1922446961703022,1.1075206357458394,1.240691858961693,1.0904750650271338,0.913415964159508,1.2535002686043981,1.3523075051144664,1.4168207345435047,1.417641532598518,1.626233708895303
e_normal_flip_h,1.0864651334178999,1.1789178657480612,1.2421474512234072,0.8984846387096047,0.9550800089362221,1.020148647928215,1.010751280136006,1.360060441719595,0.9927927809178725,1.189211550778102,1.0845916675564948,0.9512407378654109,1.04277427692408,1.2422907270101857,1.075796934671028,1.2747983312767048,0.9647019206142265,0.9974164409659364,1.1905230342628979,1.3029363284728885,0.6868695539874556,0.9553640609789273,0.3652309833903527,0.46178913804975075,0.0,0.42230637222303274,0.25019823963463084,1.1107474346084574,1.0541741943104819,1.144565441451828,0.9417447816194183,0.8260712931350205,1.069812378322677,1.1021246611579933,1.2835690658232857,1.0347193388420284,1.1320505767749383,1.2227350104138344,1.4503414823217962,0.9635197062567772,1.1630078245300943,1.0875816504416194
e_normal_flip_v,1.370709123653495,1.2950748237551075,1.25296053617736,1.4889098805840595,0.9979769393963625,1.3928465177995542,0.8762396708399111,0.8190936548936326,0.8168888996865693,1.196932810969274,1.3586717122475893,1.102749967426436,1.2265109297786418,1.051376539698505,1.1202742721495245,1.036707795975162,1.3163872142093513,0.7186091651874563,1.1170554154321468,0.8051831610724504,1.0674359641962556,0.7404366756569083,0.2799110034254821,0.28489139940776265,0.42230637222303274,0.0,0.31400605957157246,1.2717951158891452,1.4879273728452371,1.266524644725584,1.3099577529913145,1.2026498684426052,1.2235304389514101,0.9409395508925986,1.2021704589904663,0.9197791558057238,1.148529587296353,1.353650945219206,1.4771313774332357,1.0970446542581023,1.2692455423816829,0.894905753637506
e_normal_rot90,1.0048202307705116,1.0580291624754397,0.8087760334655142,0.9754322846790636,0.948352181224999,1.3148503256413062,1.0442063369006254,1.561642163867021,1.1587147303263836,1.3258742466940767,1.2185617577208463,0.9800315877194954,0.9713639709687272,1.0139062486388977,0.9508553719168029,1.0557719618809827,0.9727941258594884,0.8974240133786123,1.386387228809112,0.9447597412860764,1.096301111583516,0.6854125155092958,0.34840381584144503,0.3118719581784741,0.25019823963463084,0.31400605957157246,0.0,0.8372166963345047,1.2000381095999335,1.08013080632048,1.105731814915022,1.1312363229749596,1.044836013102301,0.8077435051582534,1.0679498642449163,0.8594058817774896,1.0679463695152873,0.9945375438071148,0.9642277917934066,0.8249782739255805,1.4146022547212125,1.3120424751950197
f_normal,0.9513900131441024,1.2993391879930336,1.3657666387484428,0.9166215626064663,1.0293667557644763,1.2510626752402256,1.2526362834008078,1.3704922993169693,1.3584243967480103,1.107795172347621,1.2212714312871489,1.0804118718278335,1.0541651191952617,0.7766125326397223,1.262447812991842,1.0690929261424096,0.9612966852673566,1.422118550419046,1.2415725489732832,0.6900874708790772,0.9517752850885568,1.303603110263138,1.028769727603594,1.5316076185360223,1.1107474346084574,1.2717951158891452,0.8372166963345047,0.0,0.280673420576535,0.2876710791416248,0.2742280622421257,0.3212654140465762,1.2665708424458886,1.408466472602643,1.51191328630942,1.1232137773634883,1.3824368793747996,1.0914166839908856,1.1494087698369397,1.267640734324752,0.927304504206762,0.6978347840703354
f_large,0.9973433458072962,1.222526153540689,1.2870240645766076,1.2591652771730102,1.2565694123691558,1.0490798754965547,1.107896649686139,1.1385495151278682,1.142498333894848,1.38933060215198,1.4593767226770396,1.2146356992981384,1.0417184491890623,1.1028547047089823,1.6553227725822335,1.3681299723589595,1.2781616538955674,1.2982290657069848,0.8919412139873859,0.946795453860165,1.1600535868986765,1.1054575140096423,1.452596349195448,1.3806472824907097,1.0541741943104819,1.4879273728452371,1.2000381095999335,0.280673420576535,0.0,0.27842184393889186,0.2663269820914647,0.37503370732506713,1.541022428270959,1.6401472659852019,1.746965364357831,0.9340471038814597,1.298757540397004,1.357306149208144,1.1804351726673399,1.2392960649245932,1.2950125631398437,1.3639033101271352
f_normal_flip_h,1.0519599889966709,1.4496209390643533,1.5372908803517022,1.0273545878473165,1.167248122456118,0.9992417749958912,1.2538097760750189,1.2439507156762766,0.8500910117611667,0.987924249000521,1.5113924354994648,1.1391315021198474,1.3994131564016743,0.8377527421363854,1.4447091446770275,1.261066649076949,1.3153144869254956,1.2530968833589735,1.4495935448569606,1.2956342451935263,1.1101877632781656,1.0980191144798241,1.3261949892016982,1.5399371063944711,1.144565441451828,1.266524644725584,1.08013080632048,0.2876710791416248,0.27842184393889186,0.0,0.2965173496009251,0.24404042578396004,1.1222341662896578,1.4836874689902673,1.5967773437790551,1.2702634217647553,1.0126955816901395,0.8329971126349662,1.2107101593568823,1.2532567187484258,1.100688749206331,1.1264905700545433
f_normal_flip_v,1.2731419701890128,1.32247348075333,1.2846380687917203,1.0156560535916237,1.0845040982322054,1.3979790396683398,1.3963132380118535,1.227350148272049,1.2594269848317852,1.285272329629024,1.3910968697590156,1.021688648578967,1.167105690080706,0.9061340411781578,1.4728404967064188,1.1407348788174925,1.032376614959355,0.9958553040444595,1.4415986992241283,0.7168998424490067,1.1373614561387317,1.6373011569802376,1.3840980169689272,1.3798587450443618,0.9417447816194183,1.3099577529913145,1.105731814915022,0.2742280622421257,0.2663269820914647,0.2965173496009251,0.0,0.33626800189691736,0.9918400682230478,1.3888635666648275,1.0457965467689638,1.1252505291488197,1.4130997019322127,1.1452793623352227,0.8388407888870415,0.938836374412642,1.0939155390290396,0.8970416886146626
f_normal_rot90,1.197702340859965,1.614717977762584,1.6941956820977206,1.1548924172517294,1.646573322826611,1.2550526198641654,1.3148378291073735,1.5026246747386853,1.448375200569826,1.1871810362809734,1.248247993511425,1.3097037625043941,1.2024658474808618,0.8438399258399366,1.1726563544318163,0.8582494289808685,1.2644144713272827,1.19108040956974,1.3679767463632757,1.488278064032695,1.2288197989969525,0.942702938111895,1.1392436762406057,1.3915291222230803,0.8260712931350205,1.2026498684426052,1.1312363229749596,0.3212654140465762,0.37503370732506713,0.24404042578396004,0.33626800189691736,0.0,1.1309512246515712,1.2447773284879375,1.5073417063548638,1.0861030241485174,1.120780146918071,1.0294099873432854,1.147144671479362,0.9929958277920626,0.9894048843502458,0.8515831359896833
h_normal,1.2244853804337468,1.3102543637315207,0.942475689508741,1.0163496162547445,1.1717780274096765,1.1853311401143753,1.7232524852749833,1.5400287180831125,1.39609831990672,1.1532392763395083,1.354673586488302,1.286517626238327,0.9814635184275448,1.0466356802294208,1.089433866989745,1.1922107035245961,0.9653451558432944,1.1772777411376039,1.217385212789846,1.2671739274640197,1.2425512487855879,1.3012466913506544,1.216104750048286,1.1922446961703022,1.069812378322677,1.2235304389514101,1.044836013102301,1.2665708424458886,1.541022428270959,1.1222341662896578,0.9918400682230478,1.1309512246515712,0.0,0.26597860135870166,0.2875880285104257,0.29037868116509546,0.2596983627909053,0.9477594088753672,0.9237557578915842,1.0624232264772246,1.057339390631053,1.006944199462053
h_large,1.287469485670316,1.3079691034930194,1.1851098841582548,0.9073390759421659,1.10653015302601,0.8394393216680309,1.6418414096094847,1.4747912304488244,0.9676935695759189,1.0938432327188765,1.0308559026950928,1.2956280426067717,1.3094646234687033,1.141884506269007,1.0612366709475283,1.1329788081802474,1.0410437627760978,0.9196313494397678,0.9756017780349522,1.280550676657302,1.1181753003812058,0.8110732211297312,1.3991326954084986,1.1075206357458394,1.1021246611579933,0.9409395508925986,0.8077435051582534,1.408466472602643,1.6401472659852019,1.4836874689902673,1.3888635666648275,1.2447773284879375,0.26597860135870166,0.0,0.28702063044586407,0.2810128916756498,0.29003712760153233,1.013766820055625,0.9990706473228029,0.8513975471403035,1.3849150066603555,1.3538616184274013
h_normal_flip_h,1.1940128126450107,1.3299764435521064,0.9024052303071102,0.9824567193127567,1.0010539544128503,1.2917947636840186,1.0583982879840443,1.0908968565378134,1.0305910644579417,1.0936983837140966,1.1207377990765524,1.1605561797710902,0.9974473245282202,1.3910095914150165,1.1820354985157495,1.15458679248688,1.4793574021345646,1.1852480627801183,1.0607012032760137,1.6927673902474114,0.9125849561155926,1.1233292073639596,1.420310910757014,1.240691858961693,1.2835690658232857,1.2021704589904663,1.0679498642449163,1.51191328630942,1.746965364357831,1.5967773437790551,1.0457965467689638,1.5073417063548638,0.2875880285104257,0.28702063044586407,0.0,0.2925594739890342,0.3765726731288442,1.4861909793744312,1.0305042629548335,1.011750042952888,1.1852012733641935,1.0650884765962152
h_normal_flip_v,1.086336257815331,1.267108795876225,0.9931352302849101,1.2573284403283609,1.0209206132258901,1.293683701754765,1.0780593057949712,1.1345863908142144,1.091713361795524,0.8932117518834269,0.9296923264985237,1.1996190060332568,1.0065571535405435,1.1160910924295586,0.8305107763232664,1.032355501397957,0.9985719881643409,1.2931346110128108,0.8735570717793122,1.195928383622903,1.419563478997349,1.0367708687621735,1.0220939856070879,1.0904750650271338,1.0347193388420284,0.9197791558057238,0.8594058817774896,1.1232137773634883,0.9340471038814597,1.2702634217647553,1.1252505291488197,1.0861030241485174,0.29037868116509546,0.2810128916756498,0.2925594739890342,0.0,0.38398305878218,1.1934515497223843,0.9383219904753043,1.1018109176100706,1.317597537669472,1.4235510484307667
h_normal_rot90,1.1165311097939588,1.2744180992239866,1.2249485090253633,1.4213329284039267,1.2378554751843802,1.1777001063025103,1.2558779279580417,1.1941204633123634,1.1584368804460337,0.9731830049439237,1.1689828247115477,1.1975972459424145,1.106156572769102,1.183423196659537,1.2675134811968631,1.1410060749794388,1.2347360231836195,1.1099467783223578,1.030834192566749,1.1911159419639687,1.136857879624163,0.8983198488073119,1.523170887180562,0.913415964159508,1.1320505767749383,1.148529587296353,1.0679463695152873,1.3824368793747996,1.298757540397004,1.0126955816901395,1.4130997019322127,1.120780146918071,0.2596983627909053,0.29003712760153233,0.3765726731288442,0.38398305878218,0.0,1.4460478637533976,1.359492350420251,1.1929613722992747,1.6189545499658065,1.5640826669620664
k_normal,0.8173275615778881,1.5166593637576102,1.4648356423963673,1.1267568777718295,1.026610661148034,1.0228546207022873,1.2385607816350594,1.217936224237147,1.0585983151228615,1.2722445313205446,1.4926054397437005,0.992720126327067,1.0043558245842785,1.02801844634856,1.0031919652531291,1.1080250858607297,1.0236540131553615,1.4232601607418327,1.5229856908055246,1.080718592134826,1.1695925095245254,1.2328193607618951,1.359610919536671,1.2535002686043981,1.2227350104138344,1.353650945219206,0.9945375438071148,1.0914166839908856,1.357306149208144,0.8329971126349662,1.1452793623352227,1.0294099873432854,0.9477594088753672,1.013766820055625,1.4861909793744312,1.1934515497223843,1.4460478637533976,0.0,0.2887979816254956,0.34361186162772184,0.3242749511767709,0.3083635856140662
k_large,1.0843529748159133,1.401564867563522,1.4372569541908988,1.3184983407706012,1.356964338669415,1.0326893844328964,1.1716946868391065,1.1830410381099425,1.1506014436831418,1.2966962757450804,1.0549938480882566,0.8320515520559525,1.0164235174731424,1.0103363192177468,1.207671564777537,1.1431703524541503,1.129015204674446,1.3552004339406731,1.3063866103699031,1.0307365321465984,1.6694598807686807,1.482397865090596,1.2970709808704701,1.3523075051144664,1.4503414823217962,1.4771313774332357,0.9642277917934066,1.1494087698369397,1.1804351726673399,1.2107101593568823,0.8388407888870415,1.147144671479362,0.9237557578915842,0.9990706473228029,1.0305042629548335,0.9383219904753043,1.359492350420251,0.2887979816254956,0.0,0.2875979447463691,0.27539999533670756,0.294420568943046
k_normal_flip_h,1.2890172428694113,1.286505952148412,0.8524717215136808,1.1639227183685794,1.3071957181276477,1.1754677385490488,1.038775538179858,1.1989489988740551,1.262668995799033,1.228659615647612,1.0806760786828373,1.258057223199918,1.6501356651448678,1.0876050737572194,1.1014698437998849,1.2926550842439277,1.557206216695623,1.0866097679546485,1.321812978013519,0.9722690690979622,0.8560988573180399,1.3420138780776947,1.41463322653528,1.4168207345435047,0.9635197062567772,1.0970446542581023,0.8249782739255805,1.267640734324752,1.2392960649245932,1.2532567187484258,0.938836374412642,0.9929958277920626,1.0624232264772246,0.8513975471403035,1.011750042952888,1.1018109176100706,1.1929613722992747,0.34361186162772184,0.2875979447463691,0.0,0.28061634667191704,0.2743957918157002
k_normal_flip_v,1.099447981356273,1.3694557752694378,1.1494354747686872,1.187985249064532,1.0051388790149656,1.1514646522264955,1.1866159026521006,1.548672996280951,0.9381380986559369,1.1974867823600732,1.154224762476533,1.3103500770342034,0.8864060144104449,1.0877738607167142,0.9430092297185482,1.3357212478614915,0.864967887232406,1.3993976655369185,1.5730871203599948,1.3442756246128127,1.193851906060854,1.48263346523443,1.1062427677848758,1.417641532598518,1.1630078245300943,1.2692455423816829,1.4146022547212125,0.927304504206762,1.2950125631398437,1.100688749206331,1.0939155390290396,0.9894048843502458,1.057339390631053,1.3849150066603555,1.1852012733641935,1.317597537669472,1.6189545499658065,0.3242749511767709,0.27539999533670756,0.28061634667191704,0.0,0.28884331297367155
k_normal_rot90,1.1730362237141359,1.2347216354872859,1.1429940671463843,1.0706402427078063,1.3665114003481105,0.9381160266056833,1.049501841424456,1.3802459143596049,1.157271627973759,1.2231034641144394,1.2820785748768495,1.095210020822715,1.1562808924371937,1.2065651200406362,1.3647671672010937,1.121785365911175,1.4372315251919643,1.2414702942028937,1.4641040530424771,0.888301846716616,1.3613589964237796,1.4821019453710567,1.030325139218621,1.626233708895303,1.0875816504416194,0.894905753637506,1.3120424751950197,0.6978347840703354,1.3639033101271352,1.1264905700545433,0.8970416886146626,0.8515831359896833,1.006944199462053,1.3538616184274013,1.0650884765962152,1.4235510484307667,1.5640826669620664,0.3083635856140662,0.294420568943046,0.2743957918157002,0.28884331297367155,0.0
