,b_normal,b_large,b_normal_rot90,d_normal,d_large,d_normal_rot90,q_normal,q_large,q_normal_rot90,p_normal,p_large,p_normal_rot90,r_normal,r_large,r_normal_flip_h,r_normal_flip_v,r_normal_rot90,a_normal,a_large,a_normal_flip_h,a_normal_flip_v,a_normal_rot90,e_normal,e_large,e_normal_flip_h,e_normal_flip_v,e_normal_rot90,f_normal,f_large,f_normal_flip_h,f_normal_flip_v,f_normal_rot90,h_normal,h_large,h_normal_flip_h,h_normal_flip_v,h_normal_rot90,k_normal,k_large,k_normal_flip_h,k_normal_flip_v,k_normal_rot90
b_normal,0.0,0.20022070227533462,1.1058484956659271,1.0828894001614784,1.7999340156826829,1.3807240874626376,1.6159968592251654,1.522439869110853,1.0385555021671993,1.0212441566580122,0.8282963783468124,1.4267116747064488,0.6400250171212943,0.53795295684293,1.7482896895475992,1.4335456778538052,0.8411103644757666,0.9179953574794387,0.4073561692190703,1.206912571917391,1.4379953421967528,1.2703744157642567,1.0928205861470814,0.9206480915044203,1.3661988246914714,0.8389175033076228,0.9554748245377048,0.5059398840262942,0.8031375842398495,1.4290992577092387,1.1965583023814672,1.3256495151466698,0.4382420647877012,0.5428976904673064,1.702558685491218,1.28086453166657,0.7649096876067849,0.4846471090031277,0.4765563643100569,1.41005836424701,1.3521241679072498,0.9434891508393969
b_large,0.20022070227533462,0.0,1.2704165557932106,1.7549397342053714,1.9209282411178508,1.4116966071049424,1.5852539335507545,1.597660012510119,1.1947920630497024,0.7373495700863917,1.0307196014882907,1.265317535130988,0.7370650720918349,0.5836420835071624,1.6941358712368673,1.2815703259277123,1.1600630480909355,0.9336555830992749,0.5450687289439898,1.5736207595871878,1.4173691697017516,1.0680376140976067,1.2526342931393661,0.8723548056071977,1.246052035728926,1.1529822849895675,1.3223281437264471,0.9657718731483911,0.8216531621488099,1.4346879925648786,1.247683971752744,1.3630365598566727,0.42681518325551515,0.3835157336761234,1.5844720394194807,1.3102874974920864,1.354744022510491,0.748553700559409,0.4105164989548926,1.6490981989638973,1.6311486737301149,0.5985382120532924
b_normal_rot90,1.1058484956659271,1.2704165557932106,0.0,1.3589734710558965,1.1051278525003827,1.2241082608780978,1.021137523912553,1.2262648686528428,1.5704599666811538,0.8867636743323957,0.9743431472275027,0.6897394959805254,1.4307960100068668,1.5231035560506867,1.4092396429368552,1.0060521986389561,1.0869712994456846,1.007554020935501,1.0585010994330306,1.4033621500162063,1.378625867459009,0.8643468191645544,0.9195570099452142,0.9847916198943744,0.968890066162121,1.0423444553892458,0.7916504076182748,1.1927694700960645,1.7588635672440616,0.8376423403193178,0.928638247282724,1.0361125843673098,0.6512594896519014,1.0576107724743746,1.3337588782386132,1.2639059946528644,0.28783482859553844,1.3200905087741945,1.3045031831046445,0.8694663572200206,1.0666038207722655,1.600796846243234
d_normal,1.0828894001614784,1.7549397342053714,1.3589734710558965,0.0,0.25557216617893797,0.9431440792450418,0.9022837715768711,1.0474257963875573,1.1269156494436663,1.3401698028092097,1.0840916144535628,0.8596816867258197,0.7510034721618968,0.8520042263205053,0.7146393928563999,1.319924092010637,1.519238817827636,1.0125880008657697,0.38014261618987977,0.7785646192514426,1.1872943162945457,1.0021035625228765,1.3878668504913052,1.024295969453764,1.0145870245496433,0.9627853242434073,0.9285722263193863,1.2243988117308966,1.042418773629536,1.1362475651158126,1.497566328481859,1.0637569690025046,0.8549618117013706,1.096262349887088,0.49113381546706786,1.3643212837342718,0.9453697268635384,0.7741234637775332,0.7643032411379391,0.5844589207714007,1.5872046283938808,0.8388818298565381
d_large,1.7999340156826829,1.9209282411178508,1.1051278525003827,0.25557216617893797,0.0,1.0297758210164976,1.1363965361871673,1.1746971877740504,1.1627492714075973,1.491479714709926,1.4243932545006182,1.1159088637404544,1.6414289757698415,1.6162311170467887,0.6708916673874259,0.9467943400651564,1.273585632102406,1.1003207506318957,0.7311910208086102,0.8383221660771377,1.2192441209692106,1.0919008450137135,1.540031616309249,0.5654540156522523,0.6534284015309155,1.6702037731240473,1.1979272157307925,1.526578666854655,1.698604502439583,0.7690782932171374,1.3684488576043883,1.133955340360809,0.7833624975684692,1.233330746175639,0.5806570201990925,1.4692461150605534,1.3247944277628436,1.4103082533038196,1.1143156705194686,0.7806780880828239,1.5315624708083315,1.0966293839129007
d_normal_rot90,1.3807240874626376,1.4116966071049424,1.2241082608780978,0.9431440792450418,1.0297758210164976,0.0,0.9670661116129088,1.174981955339934,1.6444436778925198,1.1214432047383742,1.229906842344716,1.46824905664643,1.3632533204901092,1.32290567146005,1.0449827419255053,1.5250053138246242,1.7227382243119376,1.3756946275490718,1.1300804500576849,1.0711884812723422,1.24578733603429,0.42137415162889075,0.6216493867143623,0.8596698997246036,1.3728037035244118,1.3297063588833091,1.225955443490632,1.2788589331829832,1.1784781634141166,1.3438147720166127,1.1630574880748428,1.2089649620253662,0.5772369236712159,1.3060864945218056,0.9940124096057162,0.6340206033843268,1.4338988127702,1.1920723786672658,1.3455295045994213,1.414522819392312,1.0306925221004208,0.8281627368788818
q_normal,1.6159968592251654,1.5852539335507545,1.021137523912553,0.9022837715768711,1.1363965361871673,0.9670661116129088,0.0,0.6837663792893943,0.6150492231974686,1.5675259473854515,1.7888845006596719,0.871897260299954,1.0737190505013685,0.8318570886671284,0.9810206300106215,1.3281218668110018,1.318413195633166,1.4083234622521534,1.2320159883355342,0.9366394670149624,0.9624332113394504,1.022831240993426,1.0052543611909877,1.2756107064115805,0.9646546722570744,1.2360304932175652,1.0591191078559319,1.2672918632892174,1.6001733140482277,0.9714203722098176,1.4329554252555081,1.4326654095818876,0.9899111377879269,1.6581396368472974,0.8255835411565999,1.2958468157838168,1.09260638349207,1.3593539029218416,1.5736222366792676,0.36283162365422056,1.5659148472333164,1.194974572321583
q_large,1.522439869110853,1.597660012510119,1.2262648686528428,1.0474257963875573,1.1746971877740504,1.174981955339934,0.6837663792893943,0.0,0.9903743556519107,1.5993663844125483,1.7064630491531108,1.0750955072074184,1.4431721646834401,1.5898397995850055,1.4427866826564129,0.5840402337164862,1.196829773578588,1.5640743520731362,1.141607709304115,0.9753538293262808,1.2760249127360699,0.6189171195422589,1.623356983025205,0.7249534899059595,1.08643243012192,0.6330891493116574,1.0136945203833096,1.663809695676166,1.6096627406404087,0.660094079330884,0.8419639772084121,1.2660807529397151,1.0321040877157428,1.131683508068856,0.7432163116411078,1.2204285820503002,1.0205196426973693,1.7005097542570458,1.714087932719807,1.054276655070675,0.416376024577461,1.2295103590271381
q_normal_rot90,1.0385555021671993,1.1947920630497024,1.5704599666811538,1.1269156494436663,1.1627492714075973,1.6444436778925198,0.6150492231974686,0.9903743556519107,0.0,0.8892447223043929,1.3260625272478685,1.4061901433216868,0.8579006129682633,1.0582475950572439,1.399188868620494,1.0211574133759225,0.9290100364982868,1.038558019253847,1.3727361951805093,0.7926472627992109,0.9564402672781029,1.5681615466078505,1.2827748042762743,1.2217807335896362,0.6710339247148395,1.239215629199395,1.505851740704328,0.8718401846770655,1.2678509513321123,1.482500453495927,1.3806969633260235,1.6740010197540443,1.0845448981659185,1.224238174304976,0.9754837454438106,1.0261844197413685,0.7685771788658773,1.3769891989930452,0.748236234825921,0.9535359351611431,1.096534098821123,0.6445420462350472
p_normal,1.0212441566580122,0.7373495700863917,0.8867636743323957,1.3401698028092097,1.491479714709926,1.1214432047383742,1.5675259473854515,1.5993663844125483,0.8892447223043929,0.0,0.22470924667741388,0.8446399488929027,0.5101059280889778,0.4197399137816241,1.5098065814154733,0.8094131088319741,1.2928651590695284,0.717068252966798,1.021395391892566,1.227110888159635,1.3608822699479668,1.1268863048744726,0.5394383778295803,0.45163084791565117,1.0966926629505536,1.2848056135366304,1.2953128174558255,0.5159724913320557,0.8304480286469493,1.1584813058652073,1.0541831726884867,1.431556870362363,1.0735253676716536,0.8950271093622867,0.986033060180626,0.8792588268068184,1.1260882721568015,1.0876075969305752,0.7796572533580793,1.3844434717340128,1.485729436193256,0.9654405168886013
p_large,0.8282963783468124,1.0307196014882907,0.9743431472275027,1.0840916144535628,1.4243932545006182,1.229906842344716,1.7888845006596719,1.7064630491531108,1.3260625272478685,0.22470924667741388,0.0,1.085142752469261,0.7309217303992225,0.5843710961148043,0.988492055402545,1.2365239209703764,1.2454608970248116,0.6580567116612207,1.0848228574800618,1.077619243416658,0.7354497108621798,1.6571018606480779,0.35586948416071923,1.0412040745305067,1.2385006713235562,1.561026268115648,1.336526776037467,0.6793488928679506,0.7128788542492482,1.570265295039859,0.9507471095041757,0.9295090921513469,1.012569416138664,0.7640267746234483,0.9976966063878531,1.2169365779625925,1.134436070226748,0.7473584900289447,1.1627149953612228,1.1121300979142974,1.539690136985478,1.1043347568364876
p_normal_rot90,1.4267116747064488,1.265317535130988,0.6897394959805254,0.8596816867258197,1.1159088637404544,1.46824905664643,0.871897260299954,1.0750955072074184,1.4061901433216868,0.8446399488929027,1.085142752469261,0.0,1.1005852610768938,1.30206918052855,0.8233682409690329,1.1395931717425092,1.1482179993008257,1.0572086864033345,1.2622834936368648,1.5205735510412868,1.0638778741215633,0.9637906300517015,1.5395564794667445,1.1578749795555747,0.8986044951152115,0.40303682046107725,1.1760615650845698,0.8490759147595625,1.2334124955614174,0.9307679070215882,1.4234662655279997,0.6678755191553153,1.2239886837993095,1.5405461460123187,1.0580366324642152,1.3459026633582372,0.483993157830803,0.9697909299116512,1.083147660394556,0.8031587906036171,1.3319878118624808,1.3737471922040703
r_normal,0.6400250171212943,0.7370650720918349,1.4307960100068668,0.7510034721618968,1.6414289757698415,1.3632533204901092,1.0737190505013685,1.4431721646834401,0.8579006129682633,0.5101059280889778,0.7309217303992225,1.1005852610768938,0.0,0.23998666115109865,1.6670243404614806,1.501050409567693,1.0343297411735108,0.5581424220035348,1.2548834229888186,1.1746799486314892,1.1480891110360565,1.3354348497403883,0.5639953013218593,0.888174936578632,1.2454977658622717,1.3976179378470892,1.3774412916828729,0.3151540611501405,0.38482882278391933,1.5510882672313793,1.555293465243295,1.2711243705611492,0.7089510489226766,1.3365876949126747,1.5959267032086488,1.3099614597855536,1.2913837211964565,0.897891073498808,0.5567692615117114,1.2834577047766935,1.6416099421217898,0.9628675815122812
r_large,0.53795295684293,0.5836420835071624,1.5231035560506867,0.8520042263205053,1.6162311170467887,1.32290567146005,0.8318570886671284,1.5898397995850055,1.0582475950572439,0.4197399137816241,0.5843710961148043,1.30206918052855,0.23998666115109865,0.0,1.3820798906635747,1.419006007224627,1.1093265537697254,0.6547922288904018,1.095967938068696,1.2090279619584003,1.2665887064538528,1.5023459079874328,0.517875861294777,0.6514753812527857,1.251055983332024,1.3161249943070201,0.9928651324102556,0.3438908426317164,0.35776729054767586,1.3074829843663798,1.3202276029399527,1.141957979970329,0.7999545120285242,1.0072665449153189,1.7575729350191882,1.2327557107968699,1.1563093753025049,0.9167425674454848,0.40420230926429274,1.5082829132856195,1.5510749950521092,1.1134281710685492
r_normal_flip_h,1.7482896895475992,1.6941358712368673,1.4092396429368552,0.7146393928563999,0.6708916673874259,1.0449827419255053,0.9810206300106215,1.4427866826564129,1.399188868620494,1.5098065814154733,0.988492055402545,0.8233682409690329,1.6670243404614806,1.3820798906635747,0.0,1.397133306193623,0.8059792731881582,1.4343877094608484,1.6639695092641262,0.9614697746847056,0.6877094643365806,1.188246377365591,1.358028477328093,1.4210049768376403,0.4652712298689898,1.7470601420756113,0.9429803684735644,1.2718257706029785,1.7352295312366963,0.39412853940466147,1.0760372649429597,1.0408924017150694,1.5375756919755186,0.9248325369302859,0.43727451134146694,1.3983306726421998,0.703806263909114,0.593131573583692,1.130004711246156,0.6996240011344215,1.4904472711449555,1.4266350928269194
r_normal_flip_v,1.4335456778538052,1.2815703259277123,1.0060521986389561,1.319924092010637,0.9467943400651564,1.5250053138246242,1.3281218668110018,0.5840402337164862,1.0211574133759225,0.8094131088319741,1.2365239209703764,1.1395931717425092,1.501050409567693,1.419006007224627,1.397133306193623,0.0,1.3086560543978711,1.004222995073222,1.011879261198632,1.066425639507239,0.486711820189283,1.0972754505098656,1.5207104686747022,1.2305754645606584,1.1021614103371584,0.8792219947211752,1.6130283540466728,1.1450656645914634,1.6424159889938375,1.0534481992872304,0.4389620598572685,1.4720641036878162,1.18184399714708,1.1430823937816843,1.1508473048672563,1.0987879544101877,1.2949319460192446,0.5685903418364745,1.487227480215992,1.2113057309314164,0.7099930622021445,1.1855709337806277
r_normal_rot90,0.8411103644757666,1.1600630480909355,1.0869712994456846,1.519238817827636,1.273585632102406,1.7227382243119376,1.318413195633166,1.196829773578588,0.9290100364982868,1.2928651590695284,1.2454608970248116,1.1482179993008257,1.0343297411735108,1.1093265537697254,0.8059792731881582,1.3086560543978711,0.0,1.8525891563826924,0.9660923022572596,1.2158208364778242,0.3730974231551244,1.515992254408453,1.8802830546783806,1.4552036727689577,1.105594746763887,1.6880786328591872,0.9170661077986131,0.9949601798189871,1.2011352661201746,1.333799702342044,1.2367552532262778,0.24143325423217116,1.1586594438864548,1.0038033643414206,1.1688538272329763,0.701967203793904,1.1843387721298966,0.7875046058864644,0.697993496309936,1.0586196784958073,0.740263519287451,0.8042688869204103
a_normal,0.9179953574794387,0.9336555830992749,1.007554020935501,1.0125880008657697,1.1003207506318957,1.3756946275490718,1.4083234622521534,1.5640743520731362,1.038558019253847,0.717068252966798,0.6580567116612207,1.0572086864033345,0.5581424220035348,0.6547922288904018,1.4343877094608484,1.004222995073222,1.8525891563826924,0.0,0.2383415005343467,1.6333369900041184,1.7306675088168872,0.8176923736060803,0.3975314672800119,1.0772784944490665,0.9758728829533861,1.4474283952595708,0.8263299424212915,0.9854022979434842,0.5642010089580421,0.9485429719928449,0.6609549221407384,1.424459906234676,0.8361353821389605,0.7790874338003202,1.2030302835329476,1.686467155092098,1.175099753481954,1.0699428136351963,1.1310609668969007,1.6797086188870558,1.6177245946755194,0.9901503901726377
a_large,0.4073561692190703,0.5450687289439898,1.0585010994330306,0.38014261618987977,0.7311910208086102,1.1300804500576849,1.2320159883355342,1.141607709304115,1.3727361951805093,1.021395391892566,1.0848228574800618,1.2622834936368648,1.2548834229888186,1.095967938068696,1.6639695092641262,1.011879261198632,0.9660923022572596,0.2383415005343467,0.0,1.7226341317986877,1.665169593864984,0.9012852812115734,0.741397799003375,1.0840216748735847,1.46532563665154,1.439862334579281,0.8935861943093822,1.1319744941341785,1.1273601684206573,1.7429748866153103,0.9756812498359053,1.8097840062910124,0.6874077301737244,1.1310239032437062,1.529276323716604,1.2973959605963739,1.4222162549408235,1.0840383742884276,0.5535773548329712,1.1842382377941245,1.745895911688099,1.1721490711045948
a_normal_flip_h,1.206912571917391,1.5736207595871878,1.4033621500162063,0.7785646192514426,0.8383221660771377,1.0711884812723422,0.9366394670149624,0.9753538293262808,0.7926472627992109,1.227110888159635,1.077619243416658,1.5205735510412868,1.1746799486314892,1.2090279619584003,0.9614697746847056,1.066425639507239,1.2158208364778242,1.6333369900041184,1.7226341317986877,0.0,1.2462286429156733,1.4374689910291725,1.520167320665959,1.4309399438150578,1.3521360861413358,0.8266583873406665,1.61303619990405,1.0610968209827774,1.1094610415956598,1.1560075710332907,1.2033487121710247,1.331309849043488,1.3161927806148122,1.6772910992325276,0.71755449474847,0.8837486311262612,1.2014462403759167,1.6747987651403282,1.2745719748661692,0.9655527553836376,0.7003032241968361,0.8074788922552957
a_normal_flip_v,1.4379953421967528,1.4173691697017516,1.378625867459009,1.1872943162945457,1.2192441209692106,1.24578733603429,0.9624332113394504,1.2760249127360699,0.9564402672781029,1.3608822699479668,0.7354497108621798,1.0638778741215633,1.1480891110360565,1.2665887064538528,0.6877094643365806,0.486711820189283,0.3730974231551244,1.7306675088168872,1.665169593864984,1.2462286429156733,0.0,1.3982478708454364,1.8127378029040915,1.7002064099559633,1.57018644563193,1.0331482567796235,1.593381330127022,1.0976890115723104,1.1885280145217494,1.2281617464468528,0.580830538735102,0.8699709647027233,1.4952052981579438,0.9630578212822369,0.8823166530977737,0.8449162092113699,1.0160284912586623,0.8996837231829099,0.93267642256718,0.9717722979471868,0.7438749564892694,1.2852536081286978
a_normal_rot90,1.2703744157642567,1.0680376140976067,0.8643468191645544,1.0021035625228765,1.0919008450137135,0.42137415162889075,1.022831240993426,0.6189171195422589,1.5681615466078505,1.1268863048744726,1.6571018606480779,0.9637906300517015,1.3354348497403883,1.5023459079874328,1.188246377365591,1.0972754505098656,1.515992254408453,0.8176923736060803,0.9012852812115734,1.4374689910291725,1.3982478708454364,0.0,0.7003088699077783,0.6708347848096174,0.6689217370350122,1.5475175251959645,1.6088395716687613,1.2394397094792875,1.146717414543199,1.1753969458605142,1.0136605600633461,1.6661831370997329,1.0898482485131877,1.1567627064283068,0.7425697368181419,1.2142009997736507,1.5510883976690937,1.3850190589435947,1.2941230948965203,1.2828281403963309,1.210304752741084,1.3675317839310772
e_normal,1.0928205861470814,1.2526342931393661,0.9195570099452142,1.3878668504913052,1.540031616309249,0.6216493867143623,1.0052543611909877,1.623356983025205,1.2827748042762743,0.5394383778295803,0.35586948416071923,1.5395564794667445,0.5639953013218593,0.517875861294777,1.358028477328093,1.5207104686747022,1.8802830546783806,0.3975314672800119,0.741397799003375,1.520167320665959,1.8127378029040915,0.7003088699077783,0.0,1.5073315188029432,1.63950312700765,1.561128816264301,1.010489719437105,1.5322746343661837,0.7007468224078849,1.443515050795836,0.6509035449932814,1.452821862590695,0.9167067083585293,1.643263325623723,1.1116714109946952,0.5681317447712261,1.4416705472690894,1.2833828930956834,1.0577197507308687,1.6058630250951964,1.476127306707384,0.7920363247138236
e_large,0.9206480915044203,0.8723548056071977,0.9847916198943744,1.024295969453764,0.5654540156522523,0.8596698997246036,1.2756107064115805,0.7249534899059595,1.2217807335896362,0.45163084791565117,1.0412040745305067,1.1578749795555747,0.888174936578632,0.6514753812527857,1.4210049768376403,1.2305754645606584,1.4552036727689577,1.0772784944490665,1.0840216748735847,1.4309399438150578,1.7002064099559633,0.6708347848096174,1.5073315188029432,0.0,1.7398345939263602,1.4414612477109205,0.9982891600144711,0.6101727060772275,0.5827362769829814,0.6418757330662307,1.3373551174058473,1.3492965414538958,0.5702130773258091,0.7269393512394755,1.458883664334281,1.0953009167456378,0.8297755663078814,1.191092216987189,0.7309303867363083,1.4146507901627479,0.5630819252045797,0.9984368729041327
e_normal_flip_h,1.3661988246914714,1.246052035728926,0.968890066162121,1.0145870245496433,0.6534284015309155,1.3728037035244118,0.9646546722570744,1.08643243012192,0.6710339247148395,1.0966926629505536,1.2385006713235562,0.8986044951152115,1.2454977658622717,1.251055983332024,0.4652712298689898,1.1021614103371584,1.105594746763887,0.9758728829533861,1.46532563665154,1.3521360861413358,1.57018644563193,0.6689217370350122,1.63950312700765,1.7398345939263602,0.0,1.852184117804399,1.1523419110115884,1.8306349266289275,1.773333253545119,0.6490348935204374,1.3723616644642889,0.648321393986085,0.9975291486511768,1.1609963613263063,1.0206547374631898,1.650185979910589,0.64758523612367,1.6179639593260529,1.4661551183914563,0.6016001472958843,1.2045984979714643,1.509365424927769
e_normal_flip_v,0.8389175033076228,1.1529822849895675,1.0423444553892458,0.9627853242434073,1.6702037731240473,1.3297063588833091,1.2360304932175652,0.6330891493116574,1.239215629199395,1.2848056135366304,1.561026268115648,0.40303682046107725,1.3976179378470892,1.3161249943070201,1.7470601420756113,0.8792219947211752,1.6880786328591872,1.4474283952595708,1.439862334579281,0.8266583873406665,1.0331482567796235,1.5475175251959645,1.561128816264301,1.4414612477109205,1.852184117804399,0.0,1.5473183611777666,0.7614393730164201,1.1432632910146403,0.9447298070318365,0.8169072793023986,0.6677162650387406,1.233605746383723,1.1969038000927072,1.288892910122749,1.5480444015088182,0.7334990491491928,1.0808417659554608,0.8481426031896134,1.1460410838001074,0.5710635225271914,0.8416026925329474
e_normal_rot90,0.9554748245377048,1.3223281437264471,0.7916504076182748,0.9285722263193863,1.1979272157307925,1.225955443490632,1.0591191078559319,1.0136945203833096,1.505851740704328,1.2953128174558255,1.336526776037467,1.1760615650845698,1.3774412916828729,0.9928651324102556,0.9429803684735644,1.6130283540466728,0.9170661077986131,0.8263299424212915,0.8935861943093822,1.61303619990405,1.593381330127022,1.6088395716687613,1.010489719437105,0.9982891600144711,1.1523419110115884,1.5473183611777666,0.0,0.9571051709119709,1.2833488131070954,1.0599382858106703,1.1652902124998925,0.8392532346773315,1.07995561683252,0.8799963662652326,1.0828561952182654,0.9000956676337954,0.7410613313381237,1.3349679585939982,1.0637814543166157,0.9710047348836067,0.7050365732523718,1.019088862388458
f_normal,0.5059398840262942,0.9657718731483911,1.1927694700960645,1.2243988117308966,1.526578666854655,1.2788589331829832,1.2672918632892174,1.663809695676166,0.8718401846770655,0.5159724913320557,0.6793488928679506,0.8490759147595625,0.3151540611501405,0.3438908426317164,1.2718257706029785,1.1450656645914634,0.9949601798189871,0.9854022979434842,1.1319744941341785,1.0610968209827774,1.0976890115723104,1.2394397094792875,1.5322746343661837,0.6101727060772275,1.8306349266289275,0.7614393730164201,0.9571051709119709,0.0,0.2287650982829336,1.7993362801446127,1.5347130705081793,1.0163429854317585,0.7753755343055275,0.8650243597383964,1.0831062183764797,1.7369767089853947,1.035861856966828,0.6127926097949443,0.5288882706366952,1.6950362640907717,1.6621215274953636,0.6619054440340515
f_large,0.8031375842398495,0.8216531621488099,1.7588635672440616,1.042418773629536,1.698604502439583,1.1784781634141166,1.6001733140482277,1.6096627406404087,1.2678509513321123,0.8304480286469493,0.7128788542492482,1.2334124955614174,0.38482882278391933,0.35776729054767586,1.7352295312366963,1.6424159889938375,1.2011352661201746,0.5642010089580421,1.1273601684206573,1.1094610415956598,1.1885280145217494,1.146717414543199,0.7007468224078849,0.5827362769829814,1.773333253545119,1.1432632910146403,1.2833488131070954,0.2287650982829336,0.0,1.6168199490682278,1.6658967109038443,0.9710320698790972,0.8145236658709257,0.9110953035499079,1.5798038111882533,1.0674124787318224,1.1020740510872076,0.7338254662725504,0.6545046779021471,1.4660947202884573,1.5932600894771816,0.8909532669094141
f_normal_flip_h,1.4290992577092387,1.4346879925648786,0.8376423403193178,1.1362475651158126,0.7690782932171374,1.3438147720166127,0.9714203722098176,0.660094079330884,1.482500453495927,1.1584813058652073,1.570265295039859,0.9307679070215882,1.5510882672313793,1.3074829843663798,0.39412853940466147,1.0534481992872304,1.333799702342044,0.9485429719928449,1.7429748866153103,1.1560075710332907,1.2281617464468528,1.1753969458605142,1.443515050795836,0.6418757330662307,0.6490348935204374,0.9447298070318365,1.0599382858106703,1.7993362801446127,1.6168199490682278,0.0,1.2417175900682094,1.2783839093239553,1.6727239596760202,1.4101611392883704,1.0741660431413396,1.0638086243776514,1.1668644486160604,1.379201325711656,1.5365080410588117,0.4917597407278421,0.5637999510161307,1.160643610356887
f_normal_flip_v,1.1965583023814672,1.247683971752744,0.928638247282724,1.497566328481859,1.3684488576043883,1.1630574880748428,1.4329554252555081,0.8419639772084121,1.3806969633260235,1.0541831726884867,0.9507471095041757,1.4234662655279997,1.555293465243295,1.3202276029399527,1.0760372649429597,0.4389620598572685,1.2367552532262778,0.6609549221407384,0.9756812498359053,1.2033487121710247,0.580830538735102,1.0136605600633461,0.6509035449932814,1.3373551174058473,1.3723616644642889,0.8169072793023986,1.1652902124998925,1.5347130705081793,1.6658967109038443,1.2417175900682094,0.0,1.462619722334162,1.3619117742059368,1.3841993064058706,0.7280783642273235,0.701486981967878,1.1377706138403005,1.047899483897822,1.2788033718197658,1.266879460161869,1.156929148079696,0.6308276451895242
f_normal_rot90,1.3256495151466698,1.3630365598566727,1.0361125843673098,1.0637569690025046,1.133955340360809,1.2089649620253662,1.4326654095818876,1.2660807529397151,1.6740010197540443,1.431556870362363,0.9295090921513469,0.6678755191553153,1.2711243705611492,1.141957979970329,1.0408924017150694,1.4720641036878162,0.24143325423217116,1.424459906234676,1.8097840062910124,1.331309849043488,0.8699709647027233,1.6661831370997329,1.452821862590695,1.3492965414538958,0.648321393986085,0.6677162650387406,0.8392532346773315,1.0163429854317585,0.9710320698790972,1.2783839093239553,1.462619722334162,0.0,1.2315396288988238,1.4826414457078358,1.1669671477457677,0.6628616848938531,0.7535062555304269,0.7930439582448852,1.0106281530666426,1.0662967109091086,1.1859037591420347,0.9263291924778835
h_normal,0.4382420647877012,0.42681518325551515,0.6512594896519014,0.8549618117013706,0.7833624975684692,0.5772369236712159,0.9899111377879269,1.0321040877157428,1.0845448981659185,1.0735253676716536,1.012569416138664,1.2239886837993095,0.7089510489226766,0.7999545120285242,1.5375756919755186,1.18184399714708,1.1586594438864548,0.8361353821389605,0.6874077301737244,1.3161927806148122,1.4952052981579438,1.0898482485131877,0.9167067083585293,0.5702130773258091,0.9975291486511768,1.233605746383723,1.07995561683252,0.7753755343055275,0.8145236658709257,1.6727239596760202,1.3619117742059368,1.2315396288988238,0.0,0.5205588661923856,1.7079829151240489,1.2487404459458995,1.5710282320670947,0.39659992637025565,0.5633917557814097,1.5972788106851867,1.3597717787198615,0.7021547382541001
h_large,0.5428976904673064,0.3835157336761234,1.0576107724743746,1.096262349887088,1.233330746175639,1.3060864945218056,1.6581396368472974,1.131683508068856,1.224238174304976,0.8950271093622867,0.7640267746234483,1.5405461460123187,1.3365876949126747,1.0072665449153189,0.9248325369302859,1.1430823937816843,1.0038033643414206,0.7790874338003202,1.1310239032437062,1.6772910992325276,0.9630578212822369,1.1567627064283068,1.643263325623723,0.7269393512394755,1.1609963613263063,1.1969038000927072,0.8799963662652326,0.8650243597383964,0.9110953035499079,1.4101611392883704,1.3841993064058706,1.4826414457078358,0.5205588661923856,0.0,1.3780528019877558,1.553802805069628,0.99014279840993,0.2539702034747057,0.39300118157787,1.6288579957965514,1.7191754730550235,0.7192400420146239
h_normal_flip_h,1.702558685491218,1.5844720394194807,1.3337588782386132,0.49113381546706786,0.5806570201990925,0.9940124096057162,0.8255835411565999,0.7432163116411078,0.9754837454438106,0.986033060180626,0.9976966063878531,1.0580366324642152,1.5959267032086488,1.7575729350191882,0.43727451134146694,1.1508473048672563,1.1688538272329763,1.2030302835329476,1.529276323716604,0.71755449474847,0.8823166530977737,0.7425697368181419,1.1116714109946952,1.458883664334281,1.0206547374631898,1.288892910122749,1.0828561952182654,1.0831062183764797,1.5798038111882533,1.0741660431413396,0.7280783642273235,1.1669671477457677,1.7079829151240489,1.3780528019877558,0.0,1.2104412991085394,1.4646419832902282,1.4225568061563418,1.5576913513365773,0.5555671931019543,1.26339683024228,1.4873650346230798
h_normal_flip_v,1.28086453166657,1.3102874974920864,1.2639059946528644,1.3643212837342718,1.4692461150605534,0.6340206033843268,1.2958468157838168,1.2204285820503002,1.0261844197413685,0.8792588268068184,1.2169365779625925,1.3459026633582372,1.3099614597855536,1.2327557107968699,1.3983306726421998,1.0987879544101877,0.701967203793904,1.686467155092098,1.2973959605963739,0.8837486311262612,0.8449162092113699,1.2142009997736507,0.5681317447712261,1.0953009167456378,1.650185979910589,1.5480444015088182,0.9000956676337954,1.7369767089853947,1.0674124787318224,1.0638086243776514,0.701486981967878,0.6628616848938531,1.2487404459458995,1.553802805069628,1.2104412991085394,0.0,1.4148446539415025,1.7244215801602207,1.6707697950045732,0.500044625657431,0.39535168453838015,1.4005034678342534
h_normal_rot90,0.7649096876067849,1.354744022510491,0.28783482859553844,0.9453697268635384,1.3247944277628436,1.4338988127702,1.09260638349207,1.0205196426973693,0.7685771788658773,1.1260882721568015,1.134436070226748,0.483993157830803,1.2913837211964565,1.1563093753025049,0.703806263909114,1.2949319460192446,1.1843387721298966,1.175099753481954,1.4222162549408235,1.2014462403759167,1.0160284912586623,1.5510883976690937,1.4416705472690894,0.8297755663078814,0.64758523612367,0.7334990491491928,0.7410613313381237,1.035861856966828,1.1020740510872076,1.1668644486160604,1.1377706138403005,0.7535062555304269,1.5710282320670947,0.99014279840993,1.4646419832902282,1.4148446539415025,0.0,1.2833491722037464,0.9634015575497676,0.7463022296414388,0.9735835383930179,0.921117030098779
k_normal,0.4846471090031277,0.748553700559409,1.3200905087741945,0.7741234637775332,1.4103082533038196,1.1920723786672658,1.3593539029218416,1.7005097542570458,1.3769891989930452,1.0876075969305752,0.7473584900289447,0.9697909299116512,0.897891073498808,0.9167425674454848,0.593131573583692,0.5685903418364745,0.7875046058864644,1.0699428136351963,1.0840383742884276,1.6747987651403282,0.8996837231829099,1.3850190589435947,1.2833828930956834,1.191092216987189,1.6179639593260529,1.0808417659554608,1.3349679585939982,0.6127926097949443,0.7338254662725504,1.379201325711656,1.047899483897822,0.7930439582448852,0.39659992637025565,0.2539702034747057,1.4225568061563418,1.7244215801602207,1.2833491722037464,0.0,0.21137618186636548,1.7075070995895192,1.6122685506843097,1.043100837675259
k_large,0.4765563643100569,0.4105164989548926,1.3045031831046445,0.7643032411379391,1.1143156705194686,1.3455295045994213,1.5736222366792676,1.714087932719807,0.748236234825921,0.7796572533580793,1.1627149953612228,1.083147660394556,0.5567692615117114,0.40420230926429274,1.130004711246156,1.487227480215992,0.697993496309936,1.1310609668969007,0.5535773548329712,1.2745719748661692,0.93267642256718,1.2941230948965203,1.0577197507308687,0.7309303867363083,1.4661551183914563,0.8481426031896134,1.0637814543166157,0.5288882706366952,0.6545046779021471,1.5365080410588117,1.2788033718197658,1.0106281530666426,0.5633917557814097,0.39300118157787,1.5576913513365773,1.6707697950045732,0.9634015575497676,0.21137618186636548,0.0,1.7326810197385927,1.5906607883915662,1.139835405379599
k_normal_flip_h,1.41005836424701,1.6490981989638973,0.8694663572200206,0.5844589207714007,0.7806780880828239,1.414522819392312,0.36283162365422056,1.054276655070675,0.9535359351611431,1.3844434717340128,1.1121300979142974,0.8031587906036171,1.2834577047766935,1.5082829132856195,0.6996240011344215,1.2113057309314164,1.0586196784958073,1.6797086188870558,1.1842382377941245,0.9655527553836376,0.9717722979471868,1.2828281403963309,1.6058630250951964,1.4146507901627479,0.6016001472958843,1.1460410838001074,0.9710047348836067,1.6950362640907717,1.4660947202884573,0.4917597407278421,1.266879460161869,1.0662967109091086,1.5972788106851867,1.6288579957965514,0.5555671931019543,0.500044625657431,0.7463022296414388,1.7075070995895192,1.7326810197385927,0.0,0.8710754019160822,1.4302706203083413
k_normal_flip_v,1.3521241679072498,1.6311486737301149,1.0666038207722655,1.5872046283938808,1.5315624708083315,1.0306925221004208,1.5659148472333164,0.416376024577461,1.096534098821123,1.485729436193256,1.539690136985478,1.3319878118624808,1.6416099421217898,1.5510749950521092,1.4904472711449555,0.7099930622021445,0.740263519287451,1.6177245946755194,1.745895911688099,0.7003032241968361,0.7438749564892694,1.210304752741084,1.476127306707384,0.5630819252045797,1.2045984979714643,0.5710635225271914,0.7050365732523718,1.6621215274953636,1.5932600894771816,0.5637999510161307,1.156929148079696,1.1859037591420347,1.3597717787198615,1.7191754730550235,1.26339683024228,0.39535168453838015,0.9735835383930179,1.6122685506843097,1.5906607883915662,0.8710754019160822,0.0,1.2833823692812214
k_normal_rot90,0.9434891508393969,0.5985382120532924,1.600796846243234,0.8388818298565381,1.0966293839129007,0.8281627368788818,1.194974572321583,1.2295103590271381,0.6445420462350472,0.9654405168886013,1.1043347568364876,1.3737471922040703,0.9628675815122812,1.1134281710685492,1.4266350928269194,1.1855709337806277,0.8042688869204103,0.9901503901726377,1.1721490711045948,0.8074788922552957,1.2852536081286978,1.3675317839310772,0.7920363247138236,0.9984368729041327,1.509365424927769,0.8416026925329474,1.019088862388458,0.6619054440340515,0.8909532669094141,1.160643610356887,0.6308276451895242,0.9263291924778835,0.7021547382541001,0.7192400420146239,1.4873650346230798,1.4005034678342534,0.921117030098779,1.043100837675259,1.139835405379599,1.4302706203083413,1.2833823692812214,0.0
