,b_normal,b_large,b_normal_rot90,d_normal,d_large,d_normal_rot90,q_normal,q_large,q_normal_rot90,p_normal,p_large,p_normal_rot90,r_normal,r_large,r_normal_flip_h,r_normal_flip_v,r_normal_rot90,a_normal,a_large,a_normal_flip_h,a_normal_flip_v,a_normal_rot90,e_normal,e_large,e_normal_flip_h,e_normal_flip_v,e_normal_rot90,f_normal,f_large,f_normal_flip_h,f_normal_flip_v,f_normal_rot90,h_normal,h_large,h_normal_flip_h,h_normal_flip_v,h_normal_rot90,k_normal,k_large,k_normal_flip_h,k_normal_flip_v,k_normal_rot90
b_normal,0.0,0.22895984703632294,0.6569644491612691,0.2800449432237712,0.30275794356158553,0.7047726184477983,0.3842924293182821,0.7170516994265168,0.5531128270161094,0.3693936237452314,0.3724497097998209,0.34894020077394133,0.9570190562442867,0.8504397318426429,0.9081453560427868,1.116429658015811,1.045547013637738,1.0654280459445753,1.1091944205742332,1.2658898601781479,1.2387714673187111,1.3369228615247244,0.7774817319812796,0.5818152252219706,1.2477480339520375,1.0851150972860284,1.1648831058228106,0.9650905761575013,0.8342680232316618,1.2467835242702798,1.0979545674030105,1.1318912604417797,1.2169926893944731,0.8850828001036399,1.3744908014292825,1.026006942765234,1.0428149848997583,0.7280804887797951,0.9933822909724378,0.9256341245656876,1.2523352784097448,1.4028640040454972
b_large,0.22895984703632294,0.0,0.45774535592723015,0.31490457521352316,0.33363785845030725,0.7596206635666816,0.45467653445340794,0.47414405492632233,0.3191248244377834,0.3942787571416986,0.29972076612045195,0.3917242436712355,0.6395173111609425,0.6823019801886453,0.6718520529081136,0.8330639699340461,1.0819434589838166,0.8912221523651431,1.0405893726225555,1.0884131838134188,1.5092285897588689,1.6198646647189354,1.2392972452203248,0.7291343484427171,1.3340119840335933,1.0596356686152988,0.9689624372108887,0.812023120469684,0.770392021125326,1.2403219652914363,0.9144368952588042,0.9795297413066513,1.3831656857943606,0.6454156861905445,1.5457527670505933,0.875840065630522,1.1986453932229315,0.7894629056563037,0.8753527518049296,0.965387945554814,1.2260288769327023,1.3521004505352432
b_normal_rot90,0.6569644491612691,0.45774535592723015,0.0,0.6153825603981362,0.5178506421884034,0.401451877358598,0.8659851290655628,0.6774768906079293,0.2515229581079913,0.4548012056971681,0.38370624087886446,0.37436139176903116,1.2370540351342996,1.12851442607277,1.008095192261794,1.0292182724813557,0.9269533569531806,1.055071354949944,1.034702085696104,1.096337387784378,1.1847349442659065,1.213437179052302,0.7366730963211509,1.1130851090348794,0.8383471006109886,0.8642526806593933,0.515528290330283,0.6964247448061625,0.7290787772230153,0.9131137258650797,0.6028079416032345,0.6252097405791047,1.5021996961890243,0.9793882436632864,0.756244254097757,1.0596455464890706,1.415788852304893,0.7652327152208811,1.0869327132561386,0.8205007654263543,0.8172607371705105,1.0784297529361557
d_normal,0.2800449432237712,0.31490457521352316,0.6153825603981362,0.0,0.2693004796278097,0.42762858546699506,0.5292845635982524,0.6621248854277895,0.4099584651292041,0.38567116200518237,0.3561151618040073,0.29604964481759516,0.7171987843643719,0.8164763916498318,0.7540274456152429,0.8570105531624763,1.0255426008135993,1.216641248586706,1.00365008155656,0.8749616878086203,0.9075216294637838,0.9037810222385141,0.7113867949061092,0.9619318355788223,0.6605574996060023,0.857645309229021,1.0080151143497313,0.9122422335290039,0.8000498246161794,0.7306387132890584,1.0460350736261101,1.1426911972819234,1.1866012801603305,0.9568410862872598,1.3279700539727795,1.205712796713724,1.238538674691434,0.8580740188368359,0.7213450659738226,0.694293237545024,0.967915896321546,1.1387083311838584
d_large,0.30275794356158553,0.33363785845030725,0.5178506421884034,0.2693004796278097,0.0,0.8560082705654986,0.4326809600034752,0.5217421466019482,0.5756608836381871,0.3461226638627487,0.308120711626047,0.3338203722342321,0.9294967375561161,1.0876338306345759,1.0426408708735169,1.139220446142314,1.1430188134089043,0.9927164201969043,0.9563865081760685,1.265335992245293,1.114523118259035,1.041311217064438,0.6891585136055854,0.6195802192946417,1.0735066594759983,0.943917064528891,1.2782730616697244,0.6622956739893187,1.0897043832367856,1.4650247278530646,0.8698692490379277,1.0145741616201192,0.9517716263813739,1.0714481201218515,0.9177455701005424,1.2984241109856263,0.7941404078436196,0.9279095233195441,0.8053011110203717,0.9922740431643585,0.7185988233455309,0.7416926022973304
d_normal_rot90,0.7047726184477983,0.7596206635666816,0.401451877358598,0.42762858546699506,0.8560082705654986,0.0,0.5488188943826314,0.639952942787683,0.40114232423225127,0.29757558842459436,0.4203799058017625,0.3996030554244555,1.1783249631733175,1.288263721421163,0.9924580603472322,0.925129607041506,0.618743757852728,1.3843845983335572,0.83866551267785,0.9976033911968853,1.0240963082563739,0.7986365389888969,0.8794190428462635,1.0730812479543748,0.8491541181861338,0.8456496788951827,0.7145921482112321,1.062445003785406,0.9338031932493,0.789853004690369,0.9050910549454598,1.439687762259968,1.0456207341054866,1.2577732804181012,1.1620632439880918,1.1220256858310846,1.436197064826738,1.1095947841120999,1.0271281130581214,0.686801892450544,0.8177593386760434,1.2024818036137372
q_normal,0.3842924293182821,0.45467653445340794,0.8659851290655628,0.5292845635982524,0.4326809600034752,0.5488188943826314,0.0,0.25010738744762184,0.6168494126904722,0.36064709584090104,0.3935847197577028,0.4152254811632711,0.6910791208839346,0.8512880453597641,0.8792180439453727,1.0888295704540347,1.4948448713459854,0.92859859109562,0.9940490390610718,1.102541240069209,1.2612537157519461,0.9774774280589842,1.0948970540908545,1.5072176058522042,1.194352118618017,1.3822388380116168,1.1596494567152191,0.9139170048376931,1.0217434215877772,1.0166420036257493,1.0651940026352946,0.9380697626153504,0.7219392061766178,0.9022909019017372,0.5939784286357925,1.2712777245912894,0.7936864067555776,0.8132786339399547,0.672264762870513,0.7176986223431204,0.8260756110470925,0.8489978183446409
q_large,0.7170516994265168,0.47414405492632233,0.6774768906079293,0.6621248854277895,0.5217421466019482,0.639952942787683,0.25010738744762184,0.0,0.6476100572135335,0.34010112283157934,0.23301223451095293,0.5593355402844103,1.1200311747600014,0.7777893554630242,1.090473789276428,0.9585415218024634,1.2315432757626203,1.5951237301372447,0.9399783967608855,1.2940826933150194,1.2137238433765019,0.963081039129969,0.9179985285255723,1.114922022468798,0.9888076992492725,1.173678661460586,1.2732399822737772,0.7701128162637209,0.5606972957059176,1.3954648335624131,0.6708195302574005,1.3462524909546565,1.084862132305159,0.6591972158114293,0.5479955805970921,0.9889491804526719,1.2350155780118988,1.0253282584484351,0.6746823681740972,0.8687950792070859,0.7275690282554056,1.0125432302092607
q_normal_rot90,0.5531128270161094,0.3191248244377834,0.2515229581079913,0.4099584651292041,0.5756608836381871,0.40114232423225127,0.6168494126904722,0.6476100572135335,0.0,0.39890917815303284,0.5669537241786399,0.31523240957548554,1.0145912147734728,0.9753235492895471,0.8844289324866655,1.1011710938392354,1.2369834088136409,0.9895195395409601,0.7339530564821253,1.0395772050084957,0.7746965384545751,0.6535918362753581,0.7913838487362128,0.9786134772055716,0.9106731513792492,0.9529199458493183,0.901172946029643,0.8436318277381988,0.6833885564019049,1.0333688320215297,0.8436149842333572,1.2764002311036442,0.6610649721076824,1.3530022922773612,1.2379176803308234,0.9222046328875466,0.5931197773818896,0.8757790956361124,1.206655217973775,0.8357443243694069,0.8331887408376324,1.2462297097536286
p_normal,0.3693936237452314,0.3942787571416986,0.4548012056971681,0.38567116200518237,0.3461226638627487,0.29757558842459436,0.36064709584090104,0.34010112283157934,0.39890917815303284,0.0,0.29446482959912496,0.44816892068623027,0.6123882684246214,1.2607768931902061,0.6014814073955195,0.8069819543516179,1.004376279679252,1.2781754167875783,1.0500028978026825,0.9688753181866632,0.9536196553467656,0.9866292642296708,0.7888551108311046,1.5125931162683126,0.9817100387001556,0.8335175630036653,0.7905422988868511,0.8212463157301114,0.8673020053077131,0.8712486450705069,0.9912898440593868,0.9939788149790451,1.2021240544774519,0.6918471144871421,0.7720233238772867,0.7624083198059626,1.0668604841799687,0.9178455341130297,1.1296808200045658,1.1088317321011227,1.262265432959141,1.1588165009466567
p_large,0.3724497097998209,0.29972076612045195,0.38370624087886446,0.3561151618040073,0.308120711626047,0.4203799058017625,0.3935847197577028,0.23301223451095293,0.5669537241786399,0.29446482959912496,0.0,0.5234082302886108,0.97640613104564,0.5556940850147062,1.3075960116275085,0.7143888828520079,0.8142964916178362,1.4247220268945342,0.9544663744603994,1.2433040255428118,1.645064537503332,1.4396795746507542,0.764214170155116,0.72673483694778,0.7833588100994519,0.9335288113016869,1.428427694619156,0.832980390305161,0.7049222032692075,0.762698859876709,0.6966148570647529,1.1604395088803572,1.1202293304327937,0.9443466575861309,1.4702301381600842,1.4425112561220885,1.0976331084634876,0.7801598692977583,0.5589896625410746,0.6419880235361268,0.7118003897889137,1.141274233191113
p_normal_rot90,0.34894020077394133,0.3917242436712355,0.37436139176903116,0.29604964481759516,0.3338203722342321,0.3996030554244555,0.4152254811632711,0.5593355402844103,0.31523240957548554,0.44816892068623027,0.5234082302886108,0.0,0.954855096846946,1.1601611956082158,0.8515450185095982,1.0418416217125104,0.7836051218454497,1.293430569072816,1.1841597204223184,1.1502600799438436,0.9948483306059118,1.1412499940323453,0.8827876842255544,1.0623764452813806,1.1736058650292955,0.9674721655464124,1.1338686113376215,1.1714654517052872,0.9432349854224538,1.0165869391255584,1.1668163535882723,1.0573281095287366,0.6086618939639152,1.069065107326777,0.7523476869615622,0.9281231698406609,0.9211963354216927,0.8821266209704575,0.9357121196315227,0.6903487075986958,0.8552681439852853,0.9026280872735093
r_normal,0.9570190562442867,0.6395173111609425,1.2370540351342996,0.7171987843643719,0.9294967375561161,1.1783249631733175,0.6910791208839346,1.1200311747600014,1.0145912147734728,0.6123882684246214,0.97640613104564,0.954855096846946,0.0,0.23527854097203402,0.2000566025346376,0.22507486116556702,0.3420123246349935,0.691057821467911,0.7910770087778896,0.7194618233091538,1.4681584639123368,0.627583472565473,1.139767127160928,0.8264585692154522,1.3062477003534432,1.0272693738817866,0.6278813993607726,0.762458294019299,0.8042062388647574,0.8533376519944973,0.9995469944673535,0.8263127326704698,1.0961142601880345,0.7907283622942104,0.8573040134507993,0.6927339039251481,1.0202441829513818,0.8647414337639294,0.7755187132944293,0.755991421484415,1.1915171845822867,1.13449530282373
r_large,0.8504397318426429,0.6823019801886453,1.12851442607277,0.8164763916498318,1.0876338306345759,1.288263721421163,0.8512880453597641,0.7777893554630242,0.9753235492895471,1.2607768931902061,0.5556940850147062,1.1601611956082158,0.23527854097203402,0.0,0.3681019542085137,0.31738780061126654,0.3787534369864863,0.7653386980649183,0.6575690752556465,0.9975004486214625,1.4199165253557386,0.9596866196082255,0.8765649741866137,1.0547077293213298,1.283192882237876,0.8998006494779642,1.3634912657810394,0.816454278793878,0.5473305268051086,0.8233971946620151,0.8689542128721295,0.8897987503282483,0.6502884141165692,0.9041466210656324,0.6751592301823559,0.7358127169721733,0.7211489323263964,0.8475106032271619,0.695025130056123,1.0119488761589606,1.280621670645442,1.3117628986726977
r_normal_flip_h,0.9081453560427868,0.6718520529081136,1.008095192261794,0.7540274456152429,1.0426408708735169,0.9924580603472322,0.8792180439453727,1.090473789276428,0.8844289324866655,0.6014814073955195,1.3075960116275085,0.8515450185095982,0.2000566025346376,0.3681019542085137,0.0,0.30875966143412814,0.3717717508460983,0.8798743621374808,0.9417139474521944,0.7656956550993503,1.121867839012083,1.016852722969569,1.209014471657306,0.917806185217863,1.1199649512238135,1.0050840606998446,0.6959483535422826,1.1909942348567848,0.6968857483281492,0.6881249087124102,0.9972564587880091,0.7238656944189815,0.893901781975408,0.8983051632441331,0.5823765623885439,0.6673354498688575,0.9984594460943546,1.417567936800557,0.9138601329243092,1.0191139027706502,0.8334410069937508,1.2331260929750736
r_normal_flip_v,1.116429658015811,0.8330639699340461,1.0292182724813557,0.8570105531624763,1.139220446142314,0.925129607041506,1.0888295704540347,0.9585415218024634,1.1011710938392354,0.8069819543516179,0.7143888828520079,1.0418416217125104,0.22507486116556702,0.31738780061126654,0.30875966143412814,0.0,0.2598837768270425,1.0243275135290069,1.0166909689335228,1.1195707464486953,1.1941669071064356,1.196710417419419,0.9448308658396802,1.1439600329349504,1.0502887419668614,0.9118853963306732,0.6706475492357442,0.734420742958907,0.5971327971308164,0.6384010297583984,0.8716009687992651,0.8782812163653846,1.4624485842462,1.1882561586726281,1.5745303650954825,1.0621664357831815,1.458078551676278,0.866429882815128,0.9767349206856398,0.7977700672891007,1.202772408656837,1.0713456922977385
r_normal_rot90,1.045547013637738,1.0819434589838166,0.9269533569531806,1.0255426008135993,1.1430188134089043,0.618743757852728,1.4948448713459854,1.2315432757626203,1.2369834088136409,1.004376279679252,0.8142964916178362,0.7836051218454497,0.3420123246349935,0.3787534369864863,0.3717717508460983,0.2598837768270425,0.0,1.0179554070787786,1.2879444869361505,1.2009241275667428,1.1827034654041635,1.1385014740763344,0.9935485557414878,1.2955152386958144,0.6916326950514946,0.7765588090516706,0.7597263748495763,0.7540489042251373,0.8037849724704581,1.0297490896884767,0.9047876154265285,0.7675996257373594,1.3168333491375626,1.513983390290264,1.3854030079966775,0.8799328180168988,1.2765424619169683,1.1859068206554726,1.005443561051701,1.1562541731533762,0.92949572367971,0.6317049010753468
a_normal,1.0654280459445753,0.8912221523651431,1.055071354949944,1.216641248586706,0.9927164201969043,1.3843845983335572,0.92859859109562,1.5951237301372447,0.9895195395409601,1.2781754167875783,1.4247220268945342,1.293430569072816,0.691057821467911,0.7653386980649183,0.8798743621374808,1.0243275135290069,1.0179554070787786,0.0,0.23037276388713784,0.21640358963383766,0.237449243049911,0.26657701778356707,0.774540305310013,1.286640098548653,1.0929827332720454,1.2797426486598913,1.1420111208787813,0.9883109369563396,0.6731454205545306,0.8507565398118317,0.6321746074306414,0.7242726160096655,1.0920920001378733,1.3579423580184573,0.9328983154894024,1.0419169391851297,0.9986522911594434,0.9847303955995724,0.7587228051633645,1.0935583970509555,0.9097624837165261,0.9217758135789067
a_large,1.1091944205742332,1.0405893726225555,1.034702085696104,1.00365008155656,0.9563865081760685,0.83866551267785,0.9940490390610718,0.9399783967608855,0.7339530564821253,1.0500028978026825,0.9544663744603994,1.1841597204223184,0.7910770087778896,0.6575690752556465,0.9417139474521944,1.0166909689335228,1.2879444869361505,0.23037276388713784,0.0,0.3069787403056466,0.307525869933818,0.41532512232595187,1.0013058243327917,0.8843438337772027,0.994791209084097,1.2377985916490037,1.008917180073916,1.4126171429765846,0.523931030189525,0.6876002059647095,1.1925667663505293,0.7056126504641815,1.156325453790577,1.2713739467966603,1.4125490998377657,1.447264500156911,1.0688769783115848,0.9949449402294659,0.8966392097259128,1.048297003316771,0.9125974026441197,1.0957161872955983
a_normal_flip_h,1.2658898601781479,1.0884131838134188,1.096337387784378,0.8749616878086203,1.265335992245293,0.9976033911968853,1.102541240069209,1.2940826933150194,1.0395772050084957,0.9688753181866632,1.2433040255428118,1.1502600799438436,0.7194618233091538,0.9975004486214625,0.7656956550993503,1.1195707464486953,1.2009241275667428,0.21640358963383766,0.3069787403056466,0.0,0.2529901159473433,0.2946637771453736,0.6361285851422024,1.0484959966597136,0.6135677025667702,1.0751766834391023,0.9775236023155557,1.4383296254676512,1.4515448447643544,0.7958024428756818,1.078758454898596,0.9590903623929733,0.9056323182818035,1.0088316731855016,0.8158411010319477,0.9095648092835438,0.7830286396729833,0.7009964202790528,0.8624759496189284,0.8111543951095038,0.6835316286958021,0.6913392614575994
a_normal_flip_v,1.2387714673187111,1.5092285897588689,1.1847349442659065,0.9075216294637838,1.114523118259035,1.0240963082563739,1.2612537157519461,1.2137238433765019,0.7746965384545751,0.9536196553467656,1.645064537503332,0.9948483306059118,1.4681584639123368,1.4199165253557386,1.121867839012083,1.1941669071064356,1.1827034654041635,0.237449243049911,0.307525869933818,0.2529901159473433,0.0,0.3819261623751269,0.7283649013185365,0.9238079741817568,0.9680433005474668,1.015840214412153,0.7970960711783934,1.0028860304030391,1.113623072560297,0.7014259361851329,1.1546123828249357,0.6579857183607687,0.9755530482665008,1.0145004811992195,0.6051096041653377,1.4822103643079394,1.0057073499723892,0.8274269381262028,1.2006066775854134,1.2658119328984947,1.2063099952423806,1.0256223331103935
a_normal_rot90,1.3369228615247244,1.6198646647189354,1.213437179052302,0.9037810222385141,1.041311217064438,0.7986365389888969,0.9774774280589842,0.963081039129969,0.6535918362753581,0.9866292642296708,1.4396795746507542,1.1412499940323453,0.627583472565473,0.9596866196082255,1.016852722969569,1.196710417419419,1.1385014740763344,0.26657701778356707,0.41532512232595187,0.2946637771453736,0.3819261623751269,0.0,0.7313766918647492,0.9927516681448214,0.8275735084183636,1.4103040023317708,0.6291908139847279,1.5330989398160584,0.8767541067601147,0.9675064778952429,1.369685277748635,1.1279086037265333,1.3392697914089595,1.401456869882813,1.4249289326988712,1.2745078898336386,1.1251226802174943,0.841720909819402,0.6320717084950094,0.7175187646168384,1.2277303101956514,0.9539388967096004
e_normal,0.7774817319812796,1.2392972452203248,0.7366730963211509,0.7113867949061092,0.6891585136055854,0.8794190428462635,1.0948970540908545,0.9179985285255723,0.7913838487362128,0.7888551108311046,0.764214170155116,0.8827876842255544,1.139767127160928,0.8765649741866137,1.209014471657306,0.9448308658396802,0.9935485557414878,0.774540305310013,1.0013058243327917,0.6361285851422024,0.7283649013185365,0.7313766918647492,0.0,0.23986472200962156,0.27593273940647367,0.26519490595901857,0.2729944747143185,0.6565014470671473,0.9466558674895441,0.9456691320083401,1.0917413723946194,0.921451350707363,0.8784091419409918,1.1165443879021137,0.9124564731970428,1.2407957809950196,1.0177386339690164,0.815132565333379,0.8411449900959582,1.2453062965529353,0.8935968138282171,0.8096881470543394
e_large,0.5818152252219706,0.7291343484427171,1.1130851090348794,0.9619318355788223,0.6195802192946417,1.0730812479543748,1.5072176058522042,1.114922022468798,0.9786134772055716,1.5125931162683126,0.72673483694778,1.0623764452813806,0.8264585692154522,1.0547077293213298,0.917806185217863,1.1439600329349504,1.2955152386958144,1.286640098548653,0.8843438337772027,1.0484959966597136,0.9238079741817568,0.9927516681448214,0.23986472200962156,0.0,0.3053450737279734,0.3038827891693461,0.34209675453671157,0.7286574042331158,0.763310989063255,0.7970297049772759,1.0456054941482602,0.9807392058935487,1.1540855902908405,1.2975194877498564,1.2293096593797879,1.0187051272958043,1.1902315661892646,0.97906845877447,1.4345229797900727,1.0278268891058022,1.1812882817012844,1.1018673728115163
e_normal_flip_h,1.2477480339520375,1.3340119840335933,0.8383471006109886,0.6605574996060023,1.0735066594759983,0.8491541181861338,1.194352118618017,0.9888076992492725,0.9106731513792492,0.9817100387001556,0.7833588100994519,1.1736058650292955,1.3062477003534432,1.283192882237876,1.1199649512238135,1.0502887419668614,0.6916326950514946,1.0929827332720454,0.994791209084097,0.6135677025667702,0.9680433005474668,0.8275735084183636,0.27593273940647367,0.3053450737279734,0.0,0.24128554191227125,0.33135749286778715,0.7174199721201059,0.9502093883967294,1.2622019997970688,1.3298278778854051,1.2592498294850256,0.8845575511606619,1.2892299383064807,0.8882745984177461,1.1404949052973266,0.898281385662021,1.0280346778250191,1.084847331175418,0.7725965179566486,1.0761298192374986,0.873236421820655
e_normal_flip_v,1.0851150972860284,1.0596356686152988,0.8642526806593933,0.857645309229021,0.943917064528891,0.8456496788951827,1.3822388380116168,1.173678661460586,0.9529199458493183,0.8335175630036653,0.9335288113016869,0.9674721655464124,1.0272693738817866,0.8998006494779642,1.0050840606998446,0.9118853963306732,0.7765588090516706,1.2797426486598913,1.2377985916490037,1.0751766834391023,1.015840214412153,1.4103040023317708,0.26519490595901857,0.3038827891693461,0.24128554191227125,0.0,0.315740300915055,0.6139289919028679,0.7102816536264243,1.1500596661377396,0.8813378573627841,0.9435040258036496,0.8374929256416399,1.2349020958719286,1.0405902830591331,0.8226009967353632,0.882506855485751,0.9867426467193392,0.8743511840377468,0.9936560396017006,0.9939999098510744,0.6482582159166768
e_normal_rot90,1.1648831058228106,0.9689624372108887,0.515528290330283,1.0080151143497313,1.2782730616697244,0.7145921482112321,1.1596494567152191,1.2732399822737772,0.901172946029643,0.7905422988868511,1.428427694619156,1.1338686113376215,0.6278813993607726,1.3634912657810394,0.6959483535422826,0.6706475492357442,0.7597263748495763,1.1420111208787813,1.008917180073916,0.9775236023155557,0.7970960711783934,0.6291908139847279,0.2729944747143185,0.34209675453671157,0.33135749286778715,0.315740300915055,0.0,0.7750066085509001,1.033594318242102,1.545918574393497,0.8652213284606547,1.036387299337647,1.2712777245912896,1.5224807619554166,0.7589191313437982,0.9213879932399869,1.1795519603858275,1.1719029602145326,1.3397494704317738,1.3905684348111036,0.8208523930020026,0.8949774730164634
f_normal,0.9650905761575013,0.812023120469684,0.6964247448061625,0.9122422335290039,0.6622956739893187,1.062445003785406,0.9139170048376931,0.7701128162637209,0.8436318277381988,0.8212463157301114,0.832980390305161,1.1714654517052872,0.762458294019299,0.816454278793878,1.1909942348567848,0.734420742958907,0.7540489042251373,0.9883109369563396,1.4126171429765846,1.4383296254676512,1.0028860304030391,1.5330989398160584,0.6565014470671473,0.7286574042331158,0.7174199721201059,0.6139289919028679,0.7750066085509001,0.0,0.2153829817736388,0.2458285700062519,0.220138052917812,0.2725086625036679,0.7381539998747709,1.0108140892119666,1.1502972174532953,0.7726344540452332,0.9585112500474491,0.8872336774381283,1.4156907869176742,0.8436140574265905,1.0166233023040518,1.1912382200403298
f_large,0.8342680232316618,0.770392021125326,0.7290787772230153,0.8000498246161794,1.0897043832367856,0.9338031932493,1.0217434215877772,0.5606972957059176,0.6833885564019049,0.8673020053077131,0.7049222032692075,0.9432349854224538,0.8042062388647574,0.5473305268051086,0.6968857483281492,0.5971327971308164,0.8037849724704581,0.6731454205545306,0.523931030189525,1.4515448447643544,1.113623072560297,0.8767541067601147,0.9466558674895441,0.763310989063255,0.9502093883967294,0.7102816536264243,1.033594318242102,0.2153829817736388,0.0,0.25110361867723924,0.30561060078652513,0.31787272820179896,1.2244465199851218,1.1586228922153177,1.2444022455682207,1.4605591206436979,1.182620188551261,1.3066645996679684,1.1706173136530706,0.9671672285747454,0.9768872748672641,1.112369361691652
f_normal_flip_h,1.2467835242702798,1.2403219652914363,0.9131137258650797,0.7306387132890584,1.4650247278530646,0.789853004690369,1.0166420036257493,1.3954648335624131,1.0333688320215297,0.8712486450705069,0.762698859876709,1.0165869391255584,0.8533376519944973,0.8233971946620151,0.6881249087124102,0.6384010297583984,1.0297490896884767,0.8507565398118317,0.6876002059647095,0.7958024428756818,0.7014259361851329,0.9675064778952429,0.9456691320083401,0.7970297049772759,1.2622019997970688,1.1500596661377396,1.545918574393497,0.2458285700062519,0.25110361867723924,0.0,0.48867630847372473,0.3138913076603549,0.7924673091349526,0.7125830546618468,0.5669821791219581,1.5702718318223694,0.8960911489807194,1.466338795992909,0.9330265966331758,0.6253561436704178,0.8034048769278506,1.0824155351979565
f_normal_flip_v,1.0979545674030105,0.9144368952588042,0.6028079416032345,1.0460350736261101,0.8698692490379277,0.9050910549454598,1.0651940026352946,0.6708195302574005,0.8436149842333572,0.9912898440593868,0.6966148570647529,1.1668163535882723,0.9995469944673535,0.8689542128721295,0.9972564587880091,0.8716009687992651,0.9047876154265285,0.6321746074306414,1.1925667663505293,1.078758454898596,1.1546123828249357,1.369685277748635,1.0917413723946194,1.0456054941482602,1.3298278778854051,0.8813378573627841,0.8652213284606547,0.220138052917812,0.30561060078652513,0.48867630847372473,0.0,0.3034750534688035,0.8132444413242413,1.3869515861150794,1.2760905680310148,0.6415173731019733,0.9482868434624654,1.0679513009074506,1.2612582104526981,1.4311838592884143,0.5382988296779381,1.3231433539291555
f_normal_rot90,1.1318912604417797,0.9795297413066513,0.6252097405791047,1.1426911972819234,1.0145741616201192,1.439687762259968,0.9380697626153504,1.3462524909546565,1.2764002311036442,0.9939788149790451,1.1604395088803572,1.0573281095287366,0.8263127326704698,0.8897987503282483,0.7238656944189815,0.8782812163653846,0.7675996257373594,0.7242726160096655,0.7056126504641815,0.9590903623929733,0.6579857183607687,1.1279086037265333,0.921451350707363,0.9807392058935487,1.2592498294850256,0.9435040258036496,1.036387299337647,0.2725086625036679,0.31787272820179896,0.3138913076603549,0.3034750534688035,0.0,0.8489803439784724,0.9782065188236908,1.0169213662927836,1.0454539115681976,0.8741399604450892,0.9566053694432264,1.6430183113074068,0.8127713552755411,0.6284138053394425,1.2176243556492945
h_normal,1.2169926893944731,1.3831656857943606,1.5021996961890243,1.1866012801603305,0.9517716263813739,1.0456207341054866,0.7219392061766178,1.084862132305159,0.6610649721076824,1.2021240544774519,1.1202293304327937,0.6086618939639152,1.0961142601880345,0.6502884141165692,0.893901781975408,1.4624485842462,1.3168333491375626,1.0920920001378733,1.156325453790577,0.9056323182818035,0.9755530482665008,1.3392697914089595,0.8784091419409918,1.1540855902908405,0.8845575511606619,0.8374929256416399,1.2712777245912896,0.7381539998747709,1.2244465199851218,0.7924673091349526,0.8132444413242413,0.8489803439784724,0.0,0.6194795282234591,0.3175781839798475,0.23398932523539942,0.2775743420709465,0.8196505995646195,0.842639949265344,1.33972378930974,0.933561471042921,0.968624300477039
h_large,0.8850828001036399,0.6454156861905445,0.9793882436632864,0.9568410862872598,1.0714481201218515,1.2577732804181012,0.9022909019017372,0.6591972158114293,1.3530022922773612,0.6918471144871421,0.9443466575861309,1.069065107326777,0.7907283622942104,0.9041466210656324,0.8983051632441331,1.1882561586726281,1.513983390290264,1.3579423580184573,1.2713739467966603,1.0088316731855016,1.0145004811992195,1.401456869882813,1.1165443879021137,1.2975194877498564,1.2892299383064807,1.2349020958719286,1.5224807619554166,1.0108140892119666,1.1586228922153177,0.7125830546618468,1.3869515861150794,0.9782065188236908,0.6194795282234591,0.0,0.2978909822694304,0.2783662585314934,0.9627939290407815,0.6911238944363605,0.7287036057086671,0.7609467392675859,1.0237482545414842,1.0862790742411883
h_normal_flip_h,1.3744908014292825,1.5457527670505933,0.756244254097757,1.3279700539727795,0.9177455701005424,1.1620632439880918,0.5939784286357925,0.5479955805970921,1.2379176803308234,0.7720233238772867,1.4702301381600842,0.7523476869615622,0.8573040134507993,0.6751592301823559,0.5823765623885439,1.5745303650954825,1.3854030079966775,0.9328983154894024,1.4125490998377657,0.8158411010319477,0.6051096041653377,1.4249289326988712,0.9124564731970428,1.2293096593797879,0.8882745984177461,1.0405902830591331,0.7589191313437982,1.1502972174532953,1.2444022455682207,0.5669821791219581,1.2760905680310148,1.0169213662927836,0.3175781839798475,0.2978909822694304,0.0,0.24561253346759168,0.45287420136045214,1.1873828052697695,1.1448273742395143,1.256031440810477,1.3872776553579969,1.1214896213094432
h_normal_flip_v,1.026006942765234,0.875840065630522,1.0596455464890706,1.205712796713724,1.2984241109856263,1.1220256858310846,1.2712777245912894,0.9889491804526719,0.9222046328875466,0.7624083198059626,1.4425112561220885,0.9281231698406609,0.6927339039251481,0.7358127169721733,0.6673354498688575,1.0621664357831815,0.8799328180168988,1.0419169391851297,1.447264500156911,0.9095648092835438,1.4822103643079394,1.2745078898336386,1.2407957809950196,1.0187051272958043,1.1404949052973266,0.8226009967353632,0.9213879932399869,0.7726344540452332,1.4605591206436979,1.5702718318223694,0.6415173731019733,1.0454539115681976,0.23398932523539942,0.2783662585314934,0.24561253346759168,0.0,0.3482215670384067,0.9896401577214429,0.7030411697131904,1.103710214385831,1.1194044349170862,0.824318851377433
h_normal_rot90,1.0428149848997583,1.1986453932229315,1.415788852304893,1.238538674691434,0.7941404078436196,1.436197064826738,0.7936864067555776,1.2350155780118988,0.5931197773818896,1.0668604841799687,1.0976331084634876,0.9211963354216927,1.0202441829513818,0.7211489323263964,0.9984594460943546,1.458078551676278,1.2765424619169683,0.9986522911594434,1.0688769783115848,0.7830286396729833,1.0057073499723892,1.1251226802174943,1.0177386339690164,1.1902315661892646,0.898281385662021,0.882506855485751,1.1795519603858275,0.9585112500474491,1.182620188551261,0.8960911489807194,0.9482868434624654,0.8741399604450892,0.2775743420709465,0.9627939290407815,0.45287420136045214,0.3482215670384067,0.0,0.8779280060904946,0.8381467564310003,0.842669724904247,1.1588621608998917,1.0143511748645806
k_normal,0.7280804887797951,0.7894629056563037,0.7652327152208811,0.8580740188368359,0.9279095233195441,1.1095947841120999,0.8132786339399547,1.0253282584484351,0.8757790956361124,0.9178455341130297,0.7801598692977583,0.8821266209704575,0.8647414337639294,0.8475106032271619,1.417567936800557,0.866429882815128,1.1859068206554726,0.9847303955995724,0.9949449402294659,0.7009964202790528,0.8274269381262028,0.841720909819402,0.815132565333379,0.97906845877447,1.0280346778250191,0.9867426467193392,1.1719029602145326,0.8872336774381283,1.3066645996679684,1.466338795992909,1.0679513009074506,0.9566053694432264,0.8196505995646195,0.6911238944363605,1.1873828052697695,0.9896401577214429,0.8779280060904946,0.0,0.22165929432356235,0.22391320248705393,0.21416737120232285,0.3196656656995331
k_large,0.9933822909724378,0.8753527518049296,1.0869327132561386,0.7213450659738226,0.8053011110203717,1.0271281130581214,0.672264762870513,0.6746823681740972,1.206655217973775,1.1296808200045658,0.5589896625410746,0.9357121196315227,0.7755187132944293,0.695025130056123,0.9138601329243092,0.9767349206856398,1.005443561051701,0.7587228051633645,0.8966392097259128,0.8624759496189284,1.2006066775854134,0.6320717084950094,0.8411449900959582,1.4345229797900727,1.084847331175418,0.8743511840377468,1.3397494704317738,1.4156907869176742,1.1706173136530706,0.9330265966331758,1.2612582104526981,1.6430183113074068,0.842639949265344,0.7287036057086671,1.1448273742395143,0.7030411697131904,0.8381467564310003,0.22165929432356235,0.0,0.30921555846208676,0.29401330130365394,0.3112512376510527
k_normal_flip_h,0.9256341245656876,0.965387945554814,0.8205007654263543,0.694293237545024,0.9922740431643585,0.686801892450544,0.7176986223431204,0.8687950792070859,0.8357443243694069,1.1088317321011227,0.6419880235361268,0.6903487075986958,0.755991421484415,1.0119488761589606,1.0191139027706502,0.7977700672891007,1.1562541731533762,1.0935583970509555,1.048297003316771,0.8111543951095038,1.2658119328984947,0.7175187646168384,1.2453062965529353,1.0278268891058022,0.7725965179566486,0.9936560396017006,1.3905684348111036,0.8436140574265905,0.9671672285747454,0.6253561436704178,1.4311838592884143,0.8127713552755411,1.33972378930974,0.7609467392675859,1.256031440810477,1.103710214385831,0.842669724904247,0.22391320248705393,0.30921555846208676,0.0,0.2652044181479572,0.5204849915436431
k_normal_flip_v,1.2523352784097448,1.2260288769327023,0.8172607371705105,0.967915896321546,0.7185988233455309,0.8177593386760434,0.8260756110470925,0.7275690282554056,0.8331887408376324,1.262265432959141,0.7118003897889137,0.8552681439852853,1.1915171845822867,1.280621670645442,0.8334410069937508,1.202772408656837,0.92949572367971,0.9097624837165261,0.9125974026441197,0.6835316286958021,1.2063099952423806,1.2277303101956514,0.8935968138282171,1.1812882817012844,1.0761298192374986,0.9939999098510744,0.8208523930020026,1.0166233023040518,0.9768872748672641,0.8034048769278506,0.5382988296779381,0.6284138053394425,0.933561471042921,1.0237482545414842,1.3872776553579969,1.1194044349170862,1.1588621608998917,0.21416737120232285,0.29401330130365394,0.2652044181479572,0.0,0.33193573585393643
k_normal_rot90,1.4028640040454972,1.3521004505352432,1.0784297529361557,1.1387083311838584,0.7416926022973304,1.2024818036137372,0.8489978183446409,1.0125432302092607,1.2462297097536286,1.1588165009466567,1.141274233191113,0.9026280872735093,1.13449530282373,1.3117628986726977,1.2331260929750736,1.0713456922977385,0.6317049010753468,0.9217758135789067,1.0957161872955983,0.6913392614575994,1.0256223331103935,0.9539388967096004,0.8096881470543394,1.1018673728115163,0.873236421820655,0.6482582159166768,0.8949774730164634,1.1912382200403298,1.112369361691652,1.0824155351979565,1.3231433539291555,1.2176243556492945,0.968624300477039,1.0862790742411883,1.1214896213094432,0.824318851377433,1.0143511748645806,0.3196656656995331,0.3112512376510527,0.5204849915436431,0.33193573585393643,0.0
