,b_normal,b_large,b_normal_rot90,d_normal,d_large,d_normal_rot90,q_normal,q_large,q_normal_rot90,p_normal,p_large,p_normal_rot90,r_normal,r_large,r_normal_flip_h,r_normal_flip_v,r_normal_rot90,a_normal,a_large,a_normal_flip_h,a_normal_flip_v,a_normal_rot90,e_normal,e_large,e_normal_flip_h,e_normal_flip_v,e_normal_rot90,f_normal,f_large,f_normal_flip_h,f_normal_flip_v,f_normal_rot90,h_normal,h_large,h_normal_flip_h,h_normal_flip_v,h_normal_rot90,k_normal,k_large,k_normal_flip_h,k_normal_flip_v,k_normal_rot90
b_normal,0.0,0.3553548085911126,1.1916694848620022,0.3734883958512289,0.5527830476816423,0.9347627269417232,0.7704438821408301,0.6048684391355109,0.5991347661563595,0.4296973794188479,0.5596374477465884,0.735529603362484,0.3696664125828109,0.48626627360925934,0.8710111388217062,0.7041689068227258,0.8098039477378836,0.3097970123327363,0.42830302778212925,1.019506874675657,0.8307419899936065,1.0952598617417881,0.4367457689961947,0.3644237223566849,0.6762108408689377,0.8475188533220273,0.9056375120564523,0.29353533045951097,0.4044502802704316,0.8251653289132994,0.8309449221308745,0.7963439897665984,0.37434043871796036,0.46128305477022097,0.8237703354195612,0.7859731675175816,0.7789323692099778,0.2679911277351616,0.3831426015011059,0.9060275192135608,0.7598902007855123,0.8667996137526873
b_large,0.3553548085911126,0.0,0.8934944692504845,0.3795819225070181,0.36515013990142825,0.5167344721100818,0.911612503270396,0.33074722081704155,0.6968015661071125,0.40067718703270927,0.43417616556810523,0.6566483511131317,0.3314879647851425,0.2950361350899802,0.5723764639466896,0.63528721728012,1.0265751424037879,0.4701600239041568,0.26588708792402466,0.7799288468597027,0.6259483884892741,1.097819677361412,0.4630205944458611,0.3861903270197271,0.6372647752482916,0.6057019608204451,0.6372115294802884,0.4499697737219846,0.4407117585179775,0.7225285712523547,0.9788383044410782,0.9809496614141954,0.37018890888594785,0.37940771463721373,0.7942407711562397,0.8124452985984166,0.5651470126348682,0.47064534268602976,0.3416733118564263,0.6996429479186915,0.6326914547575968,0.5216430588594317
b_normal_rot90,1.1916694848620022,0.8934944692504845,0.0,0.6468732049730495,0.5949383266533308,0.33319798700479736,1.154108762268542,0.959937227898955,0.5030775010669418,1.0821372711565305,0.6452439486420025,0.6739733547988219,0.7116223984206712,0.839065332295756,0.9715535725474973,0.9990799963646653,0.3628395316427823,1.0483529205838613,0.8609463489073201,0.932735351659538,1.1645733187081715,0.5231998119347239,0.7176001144737015,0.6100967856086833,1.1267453138024273,0.9182864081657472,0.581645616510232,0.824759461721569,0.6282136225796151,0.9500660612802426,1.4215833919008083,0.504970754864397,0.8464301907559819,0.6783743445496917,1.0599850343658157,0.9744403315889443,0.42811559829532203,0.6981835447844531,0.7225166968354628,0.9187225853777563,0.9754665740804753,0.3254845618360891
d_normal,0.3734883958512289,0.3795819225070181,0.6468732049730495,0.0,0.5333993655052923,0.6727788045599429,0.7929187271281211,0.5892611153877277,0.7338852816800593,0.28897561253278675,0.5343594490812383,0.6343433053058366,0.2902494163221783,0.3530365718578629,0.8415513155952197,0.9646271484607677,0.691866498434752,0.46490799636504415,0.4085340326520557,0.8941378535572628,0.7949185450807741,0.5286460064201918,0.4278188350870388,0.5046710220472854,0.8227730737150039,1.0605864668324114,0.5610784034094901,0.430778939482959,0.5661359334764676,0.7668647200868707,0.9485322252546269,0.7109266213429034,0.3094200924462564,0.3708939887239735,0.82161954052273,0.9193903743697783,0.6999168846396608,0.36989305569802156,0.6191696109212137,0.8744322969506335,0.9891672911047577,0.7110483113474109
d_large,0.5527830476816423,0.36515013990142825,0.5949383266533308,0.5333993655052923,0.0,0.5196874295425098,0.5337925556315277,0.39497320050906704,0.7295670880434979,0.6393793723403334,0.2634850700249233,0.5466041263361282,0.38369046985505134,0.3853417923904624,0.6302644107257036,0.7243754268586864,0.6395459996310509,0.5855678666203462,0.44101706556775166,0.7126192456787224,0.8045507285881603,0.7116104749975789,0.40920946414602133,0.3496245867792346,0.6305952115505585,0.5592208646396021,0.7732210566608022,0.3456506524106552,0.48806158280888146,0.5502267824296303,0.6322689309323865,0.6039946110286696,0.3838199795892688,0.32993102789644274,0.628050592677276,0.5706287803606183,0.7041182161580576,0.40799569625937493,0.3573911340430647,0.6596431591108802,0.533801537650917,0.5786416227424498
d_normal_rot90,0.9347627269417232,0.5167344721100818,0.33319798700479736,0.6727788045599429,0.5196874295425098,0.0,1.4255553375660612,0.7570905906967931,0.3918987409581003,0.8515406162464986,0.5686693546568223,0.3717396049208147,0.8567147091944434,0.7379202987841385,1.0875622041941995,1.547802541817247,0.7822979059559364,0.7548473959460829,0.6058158077801146,1.3568196750037254,1.5654228971718078,0.6035265479497008,0.5296123598109672,0.528366257208784,1.181729239267717,1.5328779429152,0.3646743671122758,1.0979934821551238,0.9108189340202997,1.2208011774056091,1.3067327466505383,0.4141164693459228,0.8079824531906624,0.5507866717070128,1.3296489847973954,1.5155903214829625,0.47588006045336634,0.6954695629801776,0.6304394937898797,1.0458818112920558,1.2498105852818087,0.5984295807438212
q_normal,0.7704438821408301,0.911612503270396,1.154108762268542,0.7929187271281211,0.5337925556315277,1.4255553375660612,0.0,0.7855931940821559,1.1795197852056285,0.5820406078204136,0.520368875516945,1.2102619327952933,0.6289155488124438,0.6992656916093631,0.7219492307212242,0.8413903798625646,1.2400159892042084,0.8129976930131081,0.5011708276634232,0.42494304871520583,1.2664575705625414,1.2934248686878105,0.899554625404495,0.5331784308196044,0.3326803289480195,0.7129730684056214,1.0881429275418437,0.694552354480217,0.6736206868821403,0.3606136335323362,0.8738801582958902,0.9929472199438429,0.6401876849173669,0.5105029272825583,0.31009656415729847,0.7748693934160534,1.412674998864859,0.5874099346635017,0.6491943714658995,0.3672265865438135,0.5424464624838344,1.2117144208671062
q_large,0.6048684391355109,0.33074722081704155,0.959937227898955,0.5892611153877277,0.39497320050906704,0.7570905906967931,0.7855931940821559,0.0,0.9072479507658685,0.7310661874146858,0.3867368574761393,0.7163513209110896,0.5479378453367806,0.3449161821795238,0.6259403090554025,0.7104028020569362,0.9484236634903871,0.6606060340724265,0.42399430654011994,0.7210851723568746,0.8228093391828796,0.5940575866373843,0.5816014710610163,0.4482670840180412,0.49794292753436614,0.7345578983363348,0.6988960004742716,0.6525358523670699,0.4056676547563157,0.5164560128340736,0.8102951968963007,0.6725703767848401,0.534825519201651,0.31879838822370987,0.46842166312147543,0.8659491596963828,0.6119138462265388,0.6718933073745196,0.38881473317043475,0.6048399460993971,0.7809981887971198,0.8108353683702565
q_normal_rot90,0.5991347661563595,0.6968015661071125,0.5030775010669418,0.7338852816800593,0.7295670880434979,0.3918987409581003,1.1795197852056285,0.9072479507658685,0.0,0.6930649910237449,0.6355352187956579,0.6888442968469835,0.8116265415638664,0.66198656119061,1.0968718804164954,1.2748162020581693,0.8632022185384443,0.601828999924309,0.7251421032875012,1.0027977135054609,1.2116862527838619,0.5102214399192334,0.632909435247411,0.7695863904132683,1.4784278698175193,0.8729887018218038,0.5423961767355459,0.6699515313554133,0.7269297792664382,0.9773474185211866,1.0022018236459187,0.7046512733126434,0.6699544798013107,0.6327839328566037,1.3950763227002514,1.420452570688222,0.40204232861333816,0.6077595911441389,0.7098768414462443,1.144181762622128,1.19456821579274,0.5767657977056231
p_normal,0.4296973794188479,0.40067718703270927,1.0821372711565305,0.28897561253278675,0.6393793723403334,0.8515406162464986,0.5820406078204136,0.7310661874146858,0.6930649910237449,0.0,0.31703942551281417,0.7211988727533339,0.5771393500034201,0.3808056107299376,0.7574362288133786,0.9195444670851662,0.7237499336841212,0.40666093486115124,0.4418787682782812,0.960269500292984,0.9115991145153285,1.4458974595287395,0.5092152800313241,0.48176199721832286,0.6327110123449371,0.7941606795624507,0.6397761373814972,0.5711537914785757,0.5264967732824128,0.8798136954261313,0.8603247216653109,0.7272281139677458,0.26664113203287754,0.5021013228049208,0.8766064500805377,0.8359034539643044,0.795562254501788,0.504529279953721,0.4098877703835873,1.0102141459659475,0.8946202427904429,0.7994725360652064
p_large,0.5596374477465884,0.43417616556810523,0.6452439486420025,0.5343594490812383,0.2634850700249233,0.5686693546568223,0.520368875516945,0.3867368574761393,0.6355352187956579,0.31703942551281417,0.0,0.4864417130110968,0.3945498478946609,0.3555580328945833,0.6271974887798981,0.5414952282117295,0.6406951533698813,0.43007994782314274,0.42632354839770326,0.8518325429496119,0.6331228028577328,0.617857889830086,0.3335847553187685,0.430041675522639,0.5547843977883484,0.6015119606341706,0.6974585071239104,0.6855930217937657,0.44083620789720684,0.655223195275918,0.6763233378298308,0.7914902868694791,0.4384313633524628,0.4271789864856658,0.4756900841873859,0.6267882878906188,0.7165746426743133,0.43242436354627634,0.4482224389112411,0.6187479968757521,0.7191319636480609,0.5828307304077073
p_normal_rot90,0.735529603362484,0.6566483511131317,0.6739733547988219,0.6343433053058366,0.5466041263361282,0.3717396049208147,1.2102619327952933,0.7163513209110896,0.6888442968469835,0.7211988727533339,0.4864417130110968,0.0,0.8701760730136018,0.7771618303921235,1.2620795886052658,1.2464541583995452,0.2852256920690133,0.9489360006048111,0.8392574956674309,1.3435938491197006,1.3230400885805316,0.8184778044749352,0.8863604702054602,0.6070516534186068,1.1966050835102238,1.4587529618442316,0.4881971343882579,0.8916768396053738,0.6084113435466566,1.1629572009645583,1.438180676823731,0.3313879389260902,0.7307053880835903,0.6453899041462229,1.3743328030416462,1.2556531469042118,0.48968431279013,0.6490623821391536,0.6631883341634474,1.2649095312888936,1.3759395611825664,0.5570454413294527
r_normal,0.3696664125828109,0.3314879647851425,0.7116223984206712,0.2902494163221783,0.38369046985505134,0.8567147091944434,0.6289155488124438,0.5479378453367806,0.8116265415638664,0.5771393500034201,0.3945498478946609,0.8701760730136018,0.0,0.40995074953517485,0.7479001619914658,0.9427856499501953,0.5713392678485796,0.46384762472586044,0.3893891969149313,0.6469435624143787,0.6958645357316421,0.7909442883593207,0.3853298665948244,0.6114007628658843,0.7827026465956375,0.8886881475988846,0.6811943448249083,0.350630273734026,0.41790656830849127,0.8412575543993787,1.0277833681880206,0.7992809580015346,0.42935816723865583,0.4800847849419112,0.6953405507318331,0.8114201939049062,0.8380952380952381,0.3314376388002084,0.4412618375717545,0.6862823867113627,0.7680282875438161,0.6574792880101429
r_large,0.48626627360925934,0.2950361350899802,0.839065332295756,0.3530365718578629,0.3853417923904624,0.7379202987841385,0.6992656916093631,0.3449161821795238,0.66198656119061,0.3808056107299376,0.3555580328945833,0.7771618303921235,0.40995074953517485,0.0,0.5610437133353338,0.5986054212701574,0.8772071730331145,0.4012627324287969,0.3570295431273584,0.6622472497139852,0.6274344818672375,0.6162518406392581,0.4478586616451239,0.4318798780079674,0.7421191955683755,0.6169606127278857,0.8630304700781786,0.49458393604246603,0.3855820700481955,0.6525287252325935,0.5602556023844981,0.6107845438142083,0.4771908076119213,0.4002725761252416,0.6381033476679572,0.6974040701119693,0.5786853758730668,0.39613919521539825,0.4298790457978088,0.5626138893579757,0.8074153585195569,0.6371195024060509
r_normal_flip_h,0.8710111388217062,0.5723764639466896,0.9715535725474973,0.8415513155952197,0.6302644107257036,1.0875622041941995,0.7219492307212242,0.6259403090554025,1.0968718804164954,0.7574362288133786,0.6271974887798981,1.2620795886052658,0.7479001619914658,0.5610437133353338,0.0,1.0395703292845495,1.4191722429769444,0.9039565928048409,0.6424278168742583,0.5916752243299449,1.103894374412259,0.908369294475229,0.8317584873752218,0.8683987061583418,0.2518799652915761,0.9277056304673781,1.253897979291711,0.7499143684380579,0.6173242978274627,0.5845643622982784,0.9717950772493568,1.5255616882963743,0.9278212280540631,0.7645497013738854,0.4297950990057068,1.109476785166232,1.323070452339941,0.8497054656165537,0.7854139906527113,0.30883484670539024,1.1891391697082265,1.5148724576267572
r_normal_flip_v,0.7041689068227258,0.63528721728012,0.9990799963646653,0.9646271484607677,0.7243754268586864,1.547802541817247,0.8413903798625646,0.7104028020569362,1.2748162020581693,0.9195444670851662,0.5414952282117295,1.2464541583995452,0.9427856499501953,0.5986054212701574,1.0395703292845495,0.0,1.4095881841942468,0.8874211007205748,0.780782740232846,1.3388038330462724,0.4477319569835907,1.4343137186521908,0.9715674867316619,0.6975939491462632,0.9880459228100429,0.3586662515023871,1.4217458735108968,0.8825849699652273,0.6063331991577228,1.2329988988152691,0.2961883281506572,1.4193864006289985,0.6501483977156468,0.6755432317733566,0.8554523610042545,0.2501330978333519,1.4082388945507132,0.7009958134429399,0.69487878113789,0.7048350592954797,0.4012552130679134,1.0712328412785985
r_normal_rot90,0.8098039477378836,1.0265751424037879,0.3628395316427823,0.691866498434752,0.6395459996310509,0.7822979059559364,1.2400159892042084,0.9484236634903871,0.8632022185384443,0.7237499336841212,0.6406951533698813,0.2852256920690133,0.5713392678485796,0.8772071730331145,1.4191722429769444,1.4095881841942468,0.0,0.6136531375465812,0.6151003927166047,0.9176294391937705,1.2709656141758356,0.6199185346130709,0.7431760749039118,0.7092208738284842,1.287140005780127,1.0131640401454585,0.5322535698539335,0.7857556878307714,0.5667286758577631,1.3641314433872656,1.1727820838255467,0.311052187205958,0.7942958790248351,0.854237216364437,1.4185847449347608,0.9515976346968288,0.41736358562914116,0.6321659093724012,0.5602639541412395,1.179441813225029,1.093100219373334,0.34683516965748673
a_normal,0.3097970123327363,0.4701600239041568,1.0483529205838613,0.46490799636504415,0.5855678666203462,0.7548473959460829,0.8129976930131081,0.6606060340724265,0.601828999924309,0.40666093486115124,0.43007994782314274,0.9489360006048111,0.46384762472586044,0.4012627324287969,0.9039565928048409,0.8874211007205748,0.6136531375465812,0.0,0.5892614542292365,0.8941212309735475,0.8947725524308361,0.868445292099266,0.27393534034570244,0.41426911675457545,0.5486286742306569,0.7222323605886292,0.5570262853569878,0.32825235963208493,0.3961071199612496,0.8912962044681556,0.8831208356805327,0.724172230649063,0.4837683117318786,0.6845677457543511,0.6245177458573187,0.8517796217486767,0.6847338983511905,0.2903701943070363,0.5463655449343793,0.8573241677318983,0.769483927352358,0.6829789938445339
a_large,0.42830302778212925,0.26588708792402466,0.8609463489073201,0.4085340326520557,0.44101706556775166,0.6058158077801146,0.5011708276634232,0.42399430654011994,0.7251421032875012,0.4418787682782812,0.42632354839770326,0.8392574956674309,0.3893891969149313,0.3570295431273584,0.6424278168742583,0.780782740232846,0.6151003927166047,0.5892614542292365,0.0,0.692222862741292,0.5996586138297381,0.964158516313267,0.46107822532150455,0.6468393310731855,0.684258206193804,0.5868781290916943,0.747083089108956,0.3901764117364947,0.439440465194772,0.722567123738072,0.7980822229392981,0.6471639698446423,0.3340474054350764,0.29197868113893627,0.6275773363422431,1.0258282035880981,0.5511698662384638,0.43902423131345975,0.3799674165686814,0.6010583699219857,0.5789149627843155,0.6149838967546699
a_normal_flip_h,1.019506874675657,0.7799288468597027,0.932735351659538,0.8941378535572628,0.7126192456787224,1.3568196750037254,0.42494304871520583,0.7210851723568746,1.0027977135054609,0.960269500292984,0.8518325429496119,1.3435938491197006,0.6469435624143787,0.6622472497139852,0.5916752243299449,1.3388038330462724,0.9176294391937705,0.8941212309735475,0.692222862741292,0.0,1.6505779969071026,1.4306054910763288,0.8551302785160521,0.8359300900055211,0.6212733483256497,1.501240009811288,1.114869899939754,0.8673171641102353,0.6340702642493671,0.35993192353469955,0.8977695517920142,1.343409423796087,0.9441206475413034,0.816287803790929,0.5294953305687866,0.5508465920786565,0.9487978719136061,0.7366113538672344,0.7939073817208517,0.39413630262789645,0.9177808643627501,1.2274713078437043
a_normal_flip_v,0.8307419899936065,0.6259483884892741,1.1645733187081715,0.7949185450807741,0.8045507285881603,1.5654228971718078,1.2664575705625414,0.8228093391828796,1.2116862527838619,0.9115991145153285,0.6331228028577328,1.3230400885805316,0.6958645357316421,0.6274344818672375,1.103894374412259,0.4477319569835907,1.2709656141758356,0.8947725524308361,0.5996586138297381,1.6505779969071026,0.0,1.117459570846849,0.7758882637358112,0.7541260686468373,0.6678719447766293,0.6827875632131268,1.0277112346530322,0.755627468206991,0.5737661511364158,1.4013613395098787,0.39431074702492674,1.4784482492299298,0.7190367075673805,0.7506616670291502,1.1461616423340661,0.34690895091709345,1.306442339400401,0.8813966756565388,0.5899315187955422,0.7007224144115934,0.2946761901713572,1.2684344379235768
a_normal_rot90,1.0952598617417881,1.097819677361412,0.5231998119347239,0.5286460064201918,0.7116104749975789,0.6035265479497008,1.2934248686878105,0.5940575866373843,0.5102214399192334,1.4458974595287395,0.617857889830086,0.8184778044749352,0.7909442883593207,0.6162518406392581,0.908369294475229,1.4343137186521908,0.6199185346130709,0.868445292099266,0.964158516313267,1.4306054910763288,1.117459570846849,0.0,0.8577102166500677,0.6431554871254355,1.5095061107465955,1.5447888490829373,0.2595784785454915,0.8824428270660379,0.5961778687081426,0.8368459620957734,1.3112365258361105,0.38510740914563923,0.9098149603999771,0.6066699976583906,1.445237436965139,1.4053832921099645,0.46372155287009786,0.7766626994105135,0.7683246210401662,0.9736243253912864,1.3625013389932255,0.3923012517781149
e_normal,0.4367457689961947,0.4630205944458611,0.7176001144737015,0.4278188350870388,0.40920946414602133,0.5296123598109672,0.899554625404495,0.5816014710610163,0.632909435247411,0.5092152800313241,0.3335847553187685,0.8863604702054602,0.3853298665948244,0.4478586616451239,0.8317584873752218,0.9715674867316619,0.7431760749039118,0.27393534034570244,0.46107822532150455,0.8551302785160521,0.7758882637358112,0.8577102166500677,0.0,0.34776251344924336,0.6266156355721255,0.9541520919966866,0.8405849882929651,0.3054612544201717,0.40707513075791596,0.8230757143415328,0.6492331276117469,0.8140201637908987,0.4155276073294181,0.5706767453105147,0.7476744179993187,0.6859291434403996,0.9003955933817976,0.32515113271469737,0.5309642742826928,0.8826307508197272,0.9342510820481433,0.8246629330438612
e_large,0.3644237223566849,0.3861903270197271,0.6100967856086833,0.5046710220472854,0.3496245867792346,0.528366257208784,0.5331784308196044,0.4482670840180412,0.7695863904132683,0.48176199721832286,0.430041675522639,0.6070516534186068,0.6114007628658843,0.4318798780079674,0.8683987061583418,0.6975939491462632,0.7092208738284842,0.41426911675457545,0.6468393310731855,0.8359300900055211,0.7541260686468373,0.6431554871254355,0.34776251344924336,0.0,0.7392158283514083,0.7924016592084817,0.672335077449245,0.3499707904649288,0.29794540745521897,0.7413065024425635,0.6377051466874823,0.6399653456768867,0.40238394475462735,0.6904923403650999,0.7609053334042111,0.6273862217391117,0.6736419004075308,0.6046438263689468,0.44216533762798244,0.8340556512827385,0.8680435571785947,0.6899910906271701
e_normal_flip_h,0.6762108408689377,0.6372647752482916,1.1267453138024273,0.8227730737150039,0.6305952115505585,1.181729239267717,0.3326803289480195,0.49794292753436614,1.4784278698175193,0.6327110123449371,0.5547843977883484,1.1966050835102238,0.7827026465956375,0.7421191955683755,0.2518799652915761,0.9880459228100429,1.287140005780127,0.5486286742306569,0.684258206193804,0.6212733483256497,0.6678719447766293,1.5095061107465955,0.6266156355721255,0.7392158283514083,0.0,0.721700089762266,1.4287010431670895,0.5370241622684776,0.6912093219140155,0.342722504264359,0.9999161066819223,1.2135388500780122,0.6558481123004881,0.8471536709751675,0.24835391802321372,0.8647609030180569,0.8704157726469575,0.5816396199422158,0.6938145614441529,0.3808712735153924,1.0241856039476462,1.1369203601865507
e_normal_flip_v,0.8475188533220273,0.6057019608204451,0.9182864081657472,1.0605864668324114,0.5592208646396021,1.5328779429152,0.7129730684056214,0.7345578983363348,0.8729887018218038,0.7941606795624507,0.6015119606341706,1.4587529618442316,0.8886881475988846,0.6169606127278857,0.9277056304673781,0.3586662515023871,1.0131640401454585,0.7222323605886292,0.5868781290916943,1.501240009811288,0.6827875632131268,1.5447888490829373,0.9541520919966866,0.7924016592084817,0.721700089762266,0.0,1.427751728362559,0.6466033578745923,0.7119213657814145,1.373280088845033,0.3409137955706241,1.1760675948341817,0.5914898940392531,0.6060531262310702,1.4348737786964365,0.5840170401756507,1.3961701504417767,0.8885260030240457,0.7012681258136203,0.7736090071412629,0.5675270210958908,1.4132720599935384
e_normal_rot90,0.9056375120564523,0.6372115294802884,0.581645616510232,0.5610784034094901,0.7732210566608022,0.3646743671122758,1.0881429275418437,0.6988960004742716,0.5423961767355459,0.6397761373814972,0.6974585071239104,0.4881971343882579,0.6811943448249083,0.8630304700781786,1.253897979291711,1.4217458735108968,0.5322535698539335,0.5570262853569878,0.747083089108956,1.114869899939754,1.0277112346530322,0.2595784785454915,0.8405849882929651,0.672335077449245,1.4287010431670895,1.427751728362559,0.0,0.9829338800879017,0.6557528232490658,0.863815846809686,1.3517176859162865,0.5397753426356231,0.982675732058563,0.6466522361628538,1.315007168955556,1.3860990112441112,0.3224946826762123,0.8021193436380942,0.6551394344792326,1.0720708405381978,0.9890251358120781,0.38735474077853427
f_normal,0.29353533045951097,0.4499697737219846,0.824759461721569,0.430778939482959,0.3456506524106552,1.0979934821551238,0.694552354480217,0.6525358523670699,0.6699515313554133,0.5711537914785757,0.6855930217937657,0.8916768396053738,0.350630273734026,0.49458393604246603,0.7499143684380579,0.8825849699652273,0.7857556878307714,0.32825235963208493,0.3901764117364947,0.8673171641102353,0.755627468206991,0.8824428270660379,0.3054612544201717,0.3499707904649288,0.5370241622684776,0.6466033578745923,0.9829338800879017,0.0,0.35300014349264974,0.7895224963521299,0.8473551865469428,0.7424060237793975,0.317532754267794,0.44085338705633337,0.5791927400625275,0.8715725893858645,0.8812340059994183,0.4828306497184839,0.3911753123776485,0.6511278009417077,0.9748697607275223,0.794782381136641
f_large,0.4044502802704316,0.4407117585179775,0.6282136225796151,0.5661359334764676,0.48806158280888146,0.9108189340202997,0.6736206868821403,0.4056676547563157,0.7269297792664382,0.5264967732824128,0.44083620789720684,0.6084113435466566,0.41790656830849127,0.3855820700481955,0.6173242978274627,0.6063331991577228,0.5667286758577631,0.3961071199612496,0.439440465194772,0.6340702642493671,0.5737661511364158,0.5961778687081426,0.40707513075791596,0.29794540745521897,0.6912093219140155,0.7119213657814145,0.6557528232490658,0.35300014349264974,0.0,0.7211872084291289,0.615017687595695,0.681137957522821,0.38370231891986256,0.5674828733755888,0.7120424239345042,0.6219211928852015,0.5851858280052451,0.44372478344223304,0.30263661341042924,0.6633601098034634,0.6112477232808627,0.6473721303727116
f_normal_flip_h,0.8251653289132994,0.7225285712523547,0.9500660612802426,0.7668647200868707,0.5502267824296303,1.2208011774056091,0.3606136335323362,0.5164560128340736,0.9773474185211866,0.8798136954261313,0.655223195275918,1.1629572009645583,0.8412575543993787,0.6525287252325935,0.5845643622982784,1.2329988988152691,1.3641314433872656,0.8912962044681556,0.722567123738072,0.35993192353469955,1.4013613395098787,0.8368459620957734,0.8230757143415328,0.7413065024425635,0.342722504264359,1.373280088845033,0.863815846809686,0.7895224963521299,0.7211872084291289,0.0,1.1972257580480685,1.5260816805166229,0.7194240016728638,0.6923197892092864,0.2724933374840323,1.1597601288369064,1.0666861996139065,0.6213059040543166,0.8031105446176888,0.3400464140050973,1.0096490254247579,1.0155052946290253
f_normal_flip_v,0.8309449221308745,0.9788383044410782,1.4215833919008083,0.9485322252546269,0.6322689309323865,1.3067327466505383,0.8738801582958902,0.8102951968963007,1.0022018236459187,0.8603247216653109,0.6763233378298308,1.438180676823731,1.0277833681880206,0.5602556023844981,0.9717950772493568,0.2961883281506572,1.1727820838255467,0.8831208356805327,0.7980822229392981,0.8977695517920142,0.39431074702492674,1.3112365258361105,0.6492331276117469,0.6377051466874823,0.9999161066819223,0.3409137955706241,1.3517176859162865,0.8473551865469428,0.615017687595695,1.1972257580480685,0.0,1.3386537638278075,0.874456986738475,0.6031439667328138,0.9765872495175759,0.3797509997798241,1.0875246224236075,0.7578772061469833,0.6859312828216213,1.0300298239115597,0.34013675425868606,1.3192090785368666
f_normal_rot90,0.7963439897665984,0.9809496614141954,0.504970754864397,0.7109266213429034,0.6039946110286696,0.4141164693459228,0.9929472199438429,0.6725703767848401,0.7046512733126434,0.7272281139677458,0.7914902868694791,0.3313879389260902,0.7992809580015346,0.6107845438142083,1.5255616882963743,1.4193864006289985,0.311052187205958,0.724172230649063,0.6471639698446423,1.343409423796087,1.4784482492299298,0.38510740914563923,0.8140201637908987,0.6399653456768867,1.2135388500780122,1.1760675948341817,0.5397753426356231,0.7424060237793975,0.681137957522821,1.5260816805166229,1.3386537638278075,0.0,0.6088158293714222,0.6816153432144598,1.445237436965139,1.4914070183649935,0.27293991175699106,0.5964672844363058,0.6227097272627012,1.2463655233782625,1.2743252399135805,0.5691200183707298
h_normal,0.37434043871796036,0.37018890888594785,0.8464301907559819,0.3094200924462564,0.3838199795892688,0.8079824531906624,0.6401876849173669,0.534825519201651,0.6699544798013107,0.26664113203287754,0.4384313633524628,0.7307053880835903,0.42935816723865583,0.4771908076119213,0.9278212280540631,0.6501483977156468,0.7942958790248351,0.4837683117318786,0.3340474054350764,0.9441206475413034,0.7190367075673805,0.9098149603999771,0.4155276073294181,0.40238394475462735,0.6558481123004881,0.5914898940392531,0.982675732058563,0.317532754267794,0.38370231891986256,0.7194240016728638,0.874456986738475,0.6088158293714222,0.0,0.3848149568027447,0.9790005692760326,0.9833118589059822,0.8342548636906566,0.3314578155406244,0.7202918456486147,1.1294206571167424,0.889195278618153,0.8151791384865096
h_large,0.46128305477022097,0.37940771463721373,0.6783743445496917,0.3708939887239735,0.32993102789644274,0.5507866717070128,0.5105029272825583,0.31879838822370987,0.6327839328566037,0.5021013228049208,0.4271789864856658,0.6453899041462229,0.4800847849419112,0.4002725761252416,0.7645497013738854,0.6755432317733566,0.854237216364437,0.6845677457543511,0.29197868113893627,0.816287803790929,0.7506616670291502,0.6066699976583906,0.5706767453105147,0.6904923403650999,0.8471536709751675,0.6060531262310702,0.6466522361628538,0.44085338705633337,0.5674828733755888,0.6923197892092864,0.6031439667328138,0.6816153432144598,0.3848149568027447,0.0,0.6914435442315541,0.8343786633270184,0.6607915634315286,0.4240941413652003,0.3157120093653674,0.6831464737382724,0.7017742665539918,0.5778867057259978
h_normal_flip_h,0.8237703354195612,0.7942407711562397,1.0599850343658157,0.82161954052273,0.628050592677276,1.3296489847973954,0.31009656415729847,0.46842166312147543,1.3950763227002514,0.8766064500805377,0.4756900841873859,1.3743328030416462,0.6953405507318331,0.6381033476679572,0.4297950990057068,0.8554523610042545,1.4185847449347608,0.6245177458573187,0.6275773363422431,0.5294953305687866,1.1461616423340661,1.445237436965139,0.7476744179993187,0.7609053334042111,0.24835391802321372,1.4348737786964365,1.315007168955556,0.5791927400625275,0.7120424239345042,0.2724933374840323,0.9765872495175759,1.445237436965139,0.9790005692760326,0.6914435442315541,0.0,0.726995121526763,0.8609463127681358,0.6981850401393992,0.7253694139913418,0.3080718527526149,0.9469202878484198,0.9132525606571269
h_normal_flip_v,0.7859731675175816,0.8124452985984166,0.9744403315889443,0.9193903743697783,0.5706287803606183,1.5155903214829625,0.7748693934160534,0.8659491596963828,1.420452570688222,0.8359034539643044,0.6267882878906188,1.2556531469042118,0.8114201939049062,0.6974040701119693,1.109476785166232,0.2501330978333519,0.9515976346968288,0.8517796217486767,1.0258282035880981,0.5508465920786565,0.34690895091709345,1.4053832921099645,0.6859291434403996,0.6273862217391117,0.8647609030180569,0.5840170401756507,1.3860990112441112,0.8715725893858645,0.6219211928852015,1.1597601288369064,0.3797509997798241,1.4914070183649935,0.9833118589059822,0.8343786633270184,0.726995121526763,0.0,1.2828343889798823,0.7296477199324625,0.6249884536990851,1.327881895252337,0.3458347932690926,1.4177527842790898
h_normal_rot90,0.7789323692099778,0.5651470126348682,0.42811559829532203,0.6999168846396608,0.7041182161580576,0.47588006045336634,1.412674998864859,0.6119138462265388,0.40204232861333816,0.795562254501788,0.7165746426743133,0.48968431279013,0.8380952380952381,0.5786853758730668,1.323070452339941,1.4082388945507132,0.41736358562914116,0.6847338983511905,0.5511698662384638,0.9487978719136061,1.306442339400401,0.46372155287009786,0.9003955933817976,0.6736419004075308,0.8704157726469575,1.3961701504417767,0.3224946826762123,0.8812340059994183,0.5851858280052451,1.0666861996139065,1.0875246224236075,0.27293991175699106,0.8342548636906566,0.6607915634315286,0.8609463127681358,1.2828343889798823,0.0,0.5076248375035145,0.6067947727743446,1.215260223010084,1.4454597940158178,0.32609385723402007
k_normal,0.2679911277351616,0.47064534268602976,0.6981835447844531,0.36989305569802156,0.40799569625937493,0.6954695629801776,0.5874099346635017,0.6718933073745196,0.6077595911441389,0.504529279953721,0.43242436354627634,0.6490623821391536,0.3314376388002084,0.39613919521539825,0.8497054656165537,0.7009958134429399,0.6321659093724012,0.2903701943070363,0.43902423131345975,0.7366113538672344,0.8813966756565388,0.7766626994105135,0.32515113271469737,0.6046438263689468,0.5816396199422158,0.8885260030240457,0.8021193436380942,0.4828306497184839,0.44372478344223304,0.6213059040543166,0.7578772061469833,0.5964672844363058,0.3314578155406244,0.4240941413652003,0.6981850401393992,0.7296477199324625,0.5076248375035145,0.0,0.4753143663932862,0.7729795190916968,0.7100642405075073,0.8074240902372087
k_large,0.3831426015011059,0.3416733118564263,0.7225166968354628,0.6191696109212137,0.3573911340430647,0.6304394937898797,0.6491943714658995,0.38881473317043475,0.7098768414462443,0.4098877703835873,0.4482224389112411,0.6631883341634474,0.4412618375717545,0.4298790457978088,0.7854139906527113,0.69487878113789,0.5602639541412395,0.5463655449343793,0.3799674165686814,0.7939073817208517,0.5899315187955422,0.7683246210401662,0.5309642742826928,0.44216533762798244,0.6938145614441529,0.7012681258136203,0.6551394344792326,0.3911753123776485,0.30263661341042924,0.8031105446176888,0.6859312828216213,0.6227097272627012,0.7202918456486147,0.3157120093653674,0.7253694139913418,0.6249884536990851,0.6067947727743446,0.4753143663932862,0.0,0.6621005522078093,0.6386577191325912,0.5217366616943392
k_normal_flip_h,0.9060275192135608,0.6996429479186915,0.9187225853777563,0.8744322969506335,0.6596431591108802,1.0458818112920558,0.3672265865438135,0.6048399460993971,1.144181762622128,1.0102141459659475,0.6187479968757521,1.2649095312888936,0.6862823867113627,0.5626138893579757,0.30883484670539024,0.7048350592954797,1.179441813225029,0.8573241677318983,0.6010583699219857,0.39413630262789645,0.7007224144115934,0.9736243253912864,0.8826307508197272,0.8340556512827385,0.3808712735153924,0.7736090071412629,1.0720708405381978,0.6511278009417077,0.6633601098034634,0.3400464140050973,1.0300298239115597,1.2463655233782625,1.1294206571167424,0.6831464737382724,0.3080718527526149,1.327881895252337,1.215260223010084,0.7729795190916968,0.6621005522078093,0.0,1.3917279467386514,1.1654725810456965
k_normal_flip_v,0.7598902007855123,0.6326914547575968,0.9754665740804753,0.9891672911047577,0.533801537650917,1.2498105852818087,0.5424464624838344,0.7809981887971198,1.19456821579274,0.8946202427904429,0.7191319636480609,1.3759395611825664,0.7680282875438161,0.8074153585195569,1.1891391697082265,0.4012552130679134,1.093100219373334,0.769483927352358,0.5789149627843155,0.9177808643627501,0.2946761901713572,1.3625013389932255,0.9342510820481433,0.8680435571785947,1.0241856039476462,0.5675270210958908,0.9890251358120781,0.9748697607275223,0.6112477232808627,1.0096490254247579,0.34013675425868606,1.2743252399135805,0.889195278618153,0.7017742665539918,0.9469202878484198,0.3458347932690926,1.4454597940158178,0.7100642405075073,0.6386577191325912,1.3917279467386514,0.0,0.9667956206912807
k_normal_rot90,0.8667996137526873,0.5216430588594317,0.3254845618360891,0.7110483113474109,0.5786416227424498,0.5984295807438212,1.2117144208671062,0.8108353683702565,0.5767657977056231,0.7994725360652064,0.5828307304077073,0.5570454413294527,0.6574792880101429,0.6371195024060509,1.5148724576267572,1.0712328412785985,0.34683516965748673,0.6829789938445339,0.6149838967546699,1.2274713078437043,1.2684344379235768,0.3923012517781149,0.8246629330438612,0.6899910906271701,1.1369203601865507,1.4132720599935384,0.38735474077853427,0.794782381136641,0.6473721303727116,1.0155052946290253,1.3192090785368666,0.5691200183707298,0.8151791384865096,0.5778867057259978,0.9132525606571269,1.4177527842790898,0.32609385723402007,0.8074240902372087,0.5217366616943392,1.1654725810456965,0.9667956206912807,0.0
