,b_normal,b_large,b_normal_rot90,d_normal,d_large,d_normal_rot90,q_normal,q_large,q_normal_rot90,p_normal,p_large,p_normal_rot90,r_normal,r_large,r_normal_flip_h,r_normal_flip_v,r_normal_rot90,a_normal,a_large,a_normal_flip_h,a_normal_flip_v,a_normal_rot90,e_normal,e_large,e_normal_flip_h,e_normal_flip_v,e_normal_rot90,f_normal,f_large,f_normal_flip_h,f_normal_flip_v,f_normal_rot90,h_normal,h_large,h_normal_flip_h,h_normal_flip_v,h_normal_rot90,k_normal,k_large,k_normal_flip_h,k_normal_flip_v,k_normal_rot90
b_normal,0.0,0.28189564754949575,0.2717434440727388,0.887391651136299,1.1383600429904608,1.083632527099904,0.8943855117220402,0.6409756712794894,0.35883844411785937,0.946072456830805,0.9635584798230191,1.2102495392390962,1.0799246868619043,1.0943241541988413,0.9577110721522611,0.8684410634071358,0.8774158657052785,1.2361248244177445,1.1578958044812768,1.069605806897064,1.1230098954130245,1.296133965103549,1.0334590828259342,0.9135293900350474,1.1207944103344807,0.9546993607317471,0.9487937883635964,1.098173341895046,0.9224553265680527,0.7066116844492423,1.016885633630988,1.071386931065972,1.0728619559113706,0.7824528621883627,1.056704689164578,0.8104294304528136,1.1818914190910212,1.1303229925989815,0.7963189558383775,1.0718871813288038,0.9673109322432198,0.8110484378047584
b_large,0.28189564754949575,0.0,0.35107075714403996,1.0119061108832015,1.071032588627537,0.8858852208589023,0.5999474278396338,0.47736176251169743,0.27458693871123885,0.7036351323120112,1.0398311282570705,1.2402277839672753,0.9151186424378741,1.0735171956713627,1.341994504902778,0.8753117962879,0.7560883142531222,1.071551411106177,1.037753596028797,0.9601814684128571,0.9337585668057512,1.2216503499747633,0.9843355848344315,0.8682770596877603,1.0119967559248972,1.0169868921716168,0.9498639485495227,0.8124489951178638,1.180515253436764,1.3514095738891447,1.2303559057344646,0.9979544167340165,0.9256042346191735,1.0547113425611079,1.154318937339566,0.8967745439367234,1.3789957169456235,0.8501759167978368,0.8141003768307056,1.09673730252954,0.9120944675523567,0.8871031515555734
b_normal_rot90,0.2717434440727388,0.35107075714403996,0.0,0.6556839192418887,1.4611837242282877,1.1282029080369103,0.7290149577854601,0.747675524346752,0.3610280818618735,1.102127112750718,0.5909777254815954,0.9376799191788121,0.9401536067100256,1.2912552856528416,1.4740436153759109,1.3494101997346262,0.8699770879055112,1.0200559797669009,0.9826757862952631,1.0852985907445194,0.935571366339382,0.9179849542867766,0.969066591538987,1.1100175305601054,1.0183170074584762,0.907944728981053,0.8991865874437229,0.920994571734947,0.9086312502064725,0.7331587621982201,0.6612141577351632,1.3492549627959753,1.0326679689237326,1.075813478072155,1.0095874858279852,0.9521619898779446,1.1957085901372635,0.9845312041252601,1.0626265639516994,1.3320828715780766,0.8736524329520174,0.9792798792239785
d_normal,0.887391651136299,1.0119061108832015,0.6556839192418887,0.0,0.26954377030659893,0.3119353372660218,1.1183850559212074,1.0476943205822709,1.1001313255669327,0.643071525370254,0.3751397310129071,0.28092033440283776,1.207608039522874,0.8173241229615008,1.017500454928957,1.14826995078861,1.537866114212937,1.1363939783190538,0.8768420758412938,0.7942711118292183,0.7840301755558682,1.0902178910638896,0.6202803564495312,0.903905689381943,0.9097805357511852,1.008186977148138,0.9291458128335003,1.4317574041092849,0.8111696275664595,0.8569263859552088,1.4343802984670992,0.8622538506577636,0.9836684592744704,1.1322521354975947,1.0696494888458048,1.0178215908048398,0.8876596223356742,1.1924772885361814,1.3706782314074826,1.2255853348871852,1.073885939521011,0.9951224219429919
d_large,1.1383600429904608,1.071032588627537,1.4611837242282877,0.26954377030659893,0.0,0.3334998342313666,0.8291831910854335,1.2549003468133226,1.118059399103534,0.5549811456595176,0.6928556197990994,0.29187935548237337,1.3509247035255487,1.4882870358710663,1.017884494209592,0.7640073377119955,0.686648905457611,1.0172620026854167,1.0469955146720151,0.7830618004083982,0.7553653145444111,1.1109303949880964,1.485919644813775,0.8539047318696347,1.105221027778101,1.4405675647996559,1.2647173470149786,1.1978417052527264,0.9073261776301592,1.022452369745609,0.9237006783315925,1.1017033694117195,0.8319068843795598,0.975787306357842,0.7725505986094904,0.6590361414133841,0.6749672131831181,1.4431744472383154,1.0016680333580874,0.9198395044806215,1.4272623845706245,1.3268193666825119
d_normal_rot90,1.083632527099904,0.8858852208589023,1.1282029080369103,0.3119353372660218,0.3334998342313666,0.0,0.5581980971609635,0.6567200633677398,0.8726684618788094,0.5974781110566054,0.9771852567221847,0.32702434373759937,1.3611047419873048,1.4533548924225475,1.2832011747811496,1.35088981166501,1.535674276612683,1.145184852868511,0.9481011708848505,0.7769558811478469,1.3500720851354229,0.7424794598052157,0.8741356970409686,1.0565286238428384,1.0650668157091625,0.9508057923908595,1.137089940951257,1.215291141434246,1.0102108915534815,0.8223066853229837,0.8105333266475776,1.17842955322678,0.8808660856308245,0.9784913968522299,1.2337224119420305,1.2840551934902678,0.847193080478917,0.9425359863507705,1.5541616635411606,1.2015278412222077,1.1392629876881761,1.3460713100459611
q_normal,0.8943855117220402,0.5999474278396338,0.7290149577854601,1.1183850559212074,0.8291831910854335,0.5581980971609635,0.0,0.24290978948926956,0.891024431178101,0.8984934875242632,0.583771440777222,0.5552935540369894,0.7313637601134431,1.1133922425543217,1.0872740287746745,1.2203274552656724,0.9554488067575159,0.9119312775941285,1.049099337541635,1.229805899722436,0.8975060899082368,1.3153834951456114,0.7985194533249093,0.7374313161242515,0.8671237195058338,0.6791358335958927,0.8241585451980198,0.876908275859734,1.19723937345118,1.5797961756838375,1.4117991558303058,1.0153291164719573,0.7930310584320299,1.3234584853983618,0.8140533768180669,0.5753808586759142,0.9729570983404334,0.9232971370474033,0.852520289451924,0.8591034922274268,1.0622108951382396,0.8130582042440528
q_large,0.6409756712794894,0.47736176251169743,0.747675524346752,1.0476943205822709,1.2549003468133226,0.6567200633677398,0.24290978948926956,0.0,0.5839017032569068,0.9228176253111451,0.9401071891563105,0.8989332514330621,0.9137334370031374,0.6363047555630843,1.0497966281847884,0.8287041954168828,0.5707549766523105,1.1311181257981568,0.9436430573532536,0.8494750874669597,0.9075108266624529,1.0679699213134832,0.752592505337432,0.7027667673790174,0.8517934050036285,0.7074691009818288,0.8569714115721225,1.1023252393288696,0.9206069666709789,1.0012054043685823,0.6632601004107781,0.7115910743375876,1.0604091966077664,1.2217509178963752,0.9600319057953106,0.928291040347834,0.9229786419250323,0.997743763429607,1.0074854225690593,0.9905164443036052,1.2230101523365706,1.5065828566128963
q_normal_rot90,0.35883844411785937,0.27458693871123885,0.3610280818618735,1.1001313255669327,1.118059399103534,0.8726684618788094,0.891024431178101,0.5839017032569068,0.0,0.8576073848664999,0.9104076580429564,1.1015345818985145,1.3299634574547512,1.5229350426572827,1.4031242770401833,1.3064737520215641,0.9926982061676477,1.2795711673866883,1.214202126331944,1.1863100412566845,0.9188454625809597,1.0127790196061022,0.9235357375224512,1.009256463930074,0.8040377306981727,0.8721508109636685,0.7667498514561593,1.2753976642973006,1.2301060960414882,0.8267679343018194,1.164131637292591,1.3139337922506396,0.8081106432349096,0.8929461353371857,1.0393338482723853,0.7900555844688629,1.0359011305212684,1.1067137067830262,1.066419232857588,0.8280035173052486,0.7921308055453239,0.972074637295351
p_normal,0.946072456830805,0.7036351323120112,1.102127112750718,0.643071525370254,0.5549811456595176,0.5974781110566054,0.8984934875242632,0.9228176253111451,0.8576073848664999,0.0,0.3055861984639309,1.2282498064070835,0.9563599269246157,1.0407402982293432,0.9232750537050668,0.8657352186135981,1.3284742030447592,0.9519385541156086,1.2228443745347417,0.7484328937666426,1.330982431777839,0.7844737340033181,1.238657529605897,0.9182404482078813,1.0638999318662519,1.1908954674524646,0.9470768924186025,1.0793897633658607,1.0218786299867577,1.171302696831331,1.0119967559248972,0.9586254380411668,0.7240088578656074,1.2435510219764667,0.8521475712451251,0.8837239009725109,0.6646723546324184,1.0528589534232127,0.8905148978151446,1.1863506857138681,1.2881897058677936,1.086010889333844
p_large,0.9635584798230191,1.0398311282570705,0.5909777254815954,0.3751397310129071,0.6928556197990994,0.9771852567221847,0.583771440777222,0.9401071891563105,0.9104076580429564,0.3055861984639309,0.0,0.7008963743320881,0.792092122852714,0.8060102918370071,0.9782208375026956,1.2872557026116112,1.2996482587989173,0.7403007505940131,0.8257566133559884,1.0715734569765583,0.6587115240901666,1.2994241990707922,0.9941863337576646,0.8682694569020959,1.1316370624388765,1.131406908118402,0.9956248678948553,0.7262216843196683,0.8216501498779145,0.967327113067264,1.1248594120564899,0.8674210043777597,1.0014530551900465,0.8431148452728182,1.0518414432287593,1.0978097714182133,0.7394850413206477,1.195647464526973,1.0755454190433023,1.2513469373857915,1.0104310754881884,0.5770588397531591
p_normal_rot90,1.2102495392390962,1.2402277839672753,0.9376799191788121,0.28092033440283776,0.29187935548237337,0.32702434373759937,0.5552935540369894,0.8989332514330621,1.1015345818985145,1.2282498064070835,0.7008963743320881,0.0,1.1275858351578214,1.3067168602526433,0.7506431890184059,1.1910548551258409,0.9327192590366779,1.4140706890831392,1.2774181746848337,1.0345573961769932,1.2052154618935584,1.09643315915963,1.2974115447534642,0.7317177162924065,0.7555336096032846,0.9898689352654735,1.1592058139793362,0.808454230819279,0.7841726651025482,0.633255392659536,1.3981019214696881,0.8142436993301123,1.292648513283483,0.9112497898847992,0.9901590610933575,1.0334658809942932,1.004511686472559,0.8971908527260284,1.125782280755733,0.7947116349057923,0.8759105721589664,0.8427548278095797
r_normal,1.0799246868619043,0.9151186424378741,0.9401536067100256,1.207608039522874,1.3509247035255487,1.3611047419873048,0.7313637601134431,0.9137334370031374,1.3299634574547512,0.9563599269246157,0.792092122852714,1.1275858351578214,0.0,0.36510250808238465,0.31627173833174227,0.27127929568789305,0.3163411075120661,0.8929668515121097,1.1056130703939133,1.241395770210324,0.8117917010299238,0.912148951732377,0.838582124292321,0.7445097838377661,0.972004022765455,0.9219553475581712,1.0873538616047853,1.2525300178250731,0.8176004589272697,1.5826880485399968,0.9802009547314687,1.0199248174870643,0.9419655422164229,1.0823655047416336,1.2136209720614894,1.0575953078664355,0.9404746024960879,1.122135471569585,0.9705417064316507,1.2441168072291535,0.9879481581792751,1.3632078200734101
r_large,1.0943241541988413,1.0735171956713627,1.2912552856528416,0.8173241229615008,1.4882870358710663,1.4533548924225475,1.1133922425543217,0.6363047555630843,1.5229350426572827,1.0407402982293432,0.8060102918370071,1.3067168602526433,0.36510250808238465,0.0,0.37554624515252016,0.43763241093516325,0.3981022737556688,1.2381931822037284,0.8449563806510101,1.052519330886589,1.0425633383106576,0.796119217336749,0.9744794473109272,1.0232210596753168,0.7332658252204228,0.6987569858590607,1.1719837520098995,1.3078619359160788,1.1287057177302087,1.2868454851117095,1.1394668116179147,1.1784838951621408,0.9134374233174147,0.9908758649924005,0.8124369910866406,1.3403020510207966,0.7976555112413086,0.9554137690781747,0.9013183078101498,0.9919673344497312,1.1735269729337905,1.0366883935645423
r_normal_flip_h,0.9577110721522611,1.341994504902778,1.4740436153759109,1.017500454928957,1.017884494209592,1.2832011747811496,1.0872740287746745,1.0497966281847884,1.4031242770401833,0.9232750537050668,0.9782208375026956,0.7506431890184059,0.31627173833174227,0.37554624515252016,0.0,0.3106736565954952,0.3424249331764411,0.812409204953062,0.963813741763914,1.2172121251504666,0.7810247035483975,0.9423556958939286,0.7038133890469064,1.325689773341289,1.0028661918859874,0.7123024625956111,0.9914448148841272,1.1403022627788395,0.9462272440184616,1.5476118670001286,1.2631047207427382,1.2651620280691245,0.7860098652830615,1.097970703290185,0.8188082227236264,1.0785269261725006,0.8464500716099682,0.7373235352794407,0.9135577630403366,0.9394211916743704,1.0082494318940995,1.0235082795550887
r_normal_flip_v,0.8684410634071358,0.8753117962879,1.3494101997346262,1.14826995078861,0.7640073377119955,1.35088981166501,1.2203274552656724,0.8287041954168828,1.3064737520215641,0.8657352186135981,1.2872557026116112,1.1910548551258409,0.27127929568789305,0.43763241093516325,0.3106736565954952,0.0,0.2996349750439683,0.8888601156732955,1.1888762594015179,1.1027716427411516,1.3788085493406093,0.9568262099237801,0.9534533753707647,0.8135955886030083,1.1201593566147985,0.9441594910990145,0.9149957004553971,0.6317711533503755,0.9848751796302664,1.5529050522648038,1.3209960859381413,1.2692927071906726,0.8583668010057055,1.219934002913643,1.0680291843758207,1.4242518237419004,0.9703678870466392,1.0019929104782552,1.0680245624334197,1.3118779964376288,1.2290675787498853,1.1050626017048104
r_normal_rot90,0.8774158657052785,0.7560883142531222,0.8699770879055112,1.537866114212937,0.686648905457611,1.535674276612683,0.9554488067575159,0.5707549766523105,0.9926982061676477,1.3284742030447592,1.2996482587989173,0.9327192590366779,0.3163411075120661,0.3981022737556688,0.3424249331764411,0.2996349750439683,0.0,0.823703909966721,1.0110618405683158,0.9373990368100094,0.7668174353413217,1.0692603753248184,1.0142116363549807,0.7886822321080418,1.4201181142881578,0.7556964607958202,0.9630954073314661,0.5604898555222088,0.7527204088094791,1.3977752881295336,1.0423040096628733,1.032665159169507,0.8520849964620595,0.9361274392309736,0.7355632056447726,0.7667974124921116,0.9880549528774082,1.0378893807795564,0.7947079232848032,1.2127435821328842,1.3175379117248118,1.1349011774340463
a_normal,1.2361248244177445,1.071551411106177,1.0200559797669009,1.1363939783190538,1.0172620026854167,1.145184852868511,0.9119312775941285,1.1311181257981568,1.2795711673866883,0.9519385541156086,0.7403007505940131,1.4140706890831392,0.8929668515121097,1.2381931822037284,0.812409204953062,0.8888601156732955,0.823703909966721,0.0,0.28599161007809576,0.7742411826479195,0.33914052681629026,0.33594427640835645,0.9136558937540811,1.0264432213523804,0.6917830574981222,0.9176173805386523,0.8783968641336696,1.1050328648961962,1.3730519360719584,1.2467788296513154,1.47195905556982,1.2720477118868672,1.2194468953637911,0.6045516129620468,0.9692214099329218,0.7973521583539491,1.0880611509377807,0.743600732722722,1.0750799921147869,1.2105362418894652,1.4497396158378373,1.4783158312034714
a_large,1.1578958044812768,1.037753596028797,0.9826757862952631,0.8768420758412938,1.0469955146720151,0.9481011708848505,1.049099337541635,0.9436430573532536,1.214202126331944,1.2228443745347417,0.8257566133559884,1.2774181746848337,1.1056130703939133,0.8449563806510101,0.963813741763914,1.1888762594015179,1.0110618405683158,0.28599161007809576,0.0,0.7603087418103408,0.26743298209572536,0.38571832109772314,1.1600351178357824,0.8128506280070497,0.9027173325365254,1.0951019584452113,1.0891836889743487,0.6733313464535717,0.8185442688553408,1.0578107937544228,0.9706376429731709,1.0686600864695226,1.1635580669326808,1.2235912861158977,0.8918964250283631,0.8443100597724439,1.0428122161446625,0.7650464497126142,0.9974267753810847,1.2581282107380531,1.4633559913506624,1.1837159128813155
a_normal_flip_h,1.069605806897064,0.9601814684128571,1.0852985907445194,0.7942711118292183,0.7830618004083982,0.7769558811478469,1.229805899722436,0.8494750874669597,1.1863100412566845,0.7484328937666426,1.0715734569765583,1.0345573961769932,1.241395770210324,1.052519330886589,1.2172121251504666,1.1027716427411516,0.9373990368100094,0.7742411826479195,0.7603087418103408,0.0,0.33423018494699513,0.29934028749924496,1.1129360245354192,0.9746899422345335,0.75732526682009,1.168387070719501,0.9278156658661895,0.8858116146165874,0.8797234309798911,0.9427227854526297,0.6849372733713601,0.8609555919899498,1.3977421471492744,0.7683182824244646,0.728444626634084,1.2300695404362583,0.6167358549384442,1.3852488292818497,1.2351426788216588,0.947316178137264,1.1075308379686966,1.0110653418901252
a_normal_flip_v,1.1230098954130245,0.9337585668057512,0.935571366339382,0.7840301755558682,0.7553653145444111,1.3500720851354229,0.8975060899082368,0.9075108266624529,0.9188454625809597,1.330982431777839,0.6587115240901666,1.2052154618935584,0.8117917010299238,1.0425633383106576,0.7810247035483975,1.3788085493406093,0.7668174353413217,0.33914052681629026,0.26743298209572536,0.33423018494699513,0.0,0.3614991450275036,0.8159736283303307,1.0741224686370554,1.0146170482162702,1.3995942127902616,0.843337604987442,0.7132013185665931,1.0155174998494005,1.0394086749357772,1.5797919867930537,1.1762070439899504,1.29278672969551,1.4678937642092371,0.9308586352489053,1.0369625668382185,1.1687503072646521,1.2839784231949525,1.0498658449991256,1.141849890595277,1.248704054882532,1.3050800715069188
a_normal_rot90,1.296133965103549,1.2216503499747633,0.9179849542867766,1.0902178910638896,1.1109303949880964,0.7424794598052157,1.3153834951456114,1.0679699213134832,1.0127790196061022,0.7844737340033181,1.2994241990707922,1.09643315915963,0.912148951732377,0.796119217336749,0.9423556958939286,0.9568262099237801,1.0692603753248184,0.33594427640835645,0.38571832109772314,0.29934028749924496,0.3614991450275036,0.0,1.034656207998483,0.7894951663084802,0.7485163252445783,1.0879192472863222,0.7778897477569953,0.9370738183838266,1.0296716259427778,1.153883546237139,0.8073167288543645,1.0841482811611316,0.9356177933799114,0.7653310064483924,0.9655048323495423,0.8699959119084103,0.8548555290499821,1.061135413626514,1.371999506589892,1.125086557360202,0.9148411426948229,0.8635986772774158
e_normal,1.0334590828259342,0.9843355848344315,0.969066591538987,0.6202803564495312,1.485919644813775,0.8741356970409686,0.7985194533249093,0.752592505337432,0.9235357375224512,1.238657529605897,0.9941863337576646,1.2974115447534642,0.838582124292321,0.9744794473109272,0.7038133890469064,0.9534533753707647,1.0142116363549807,0.9136558937540811,1.1600351178357824,1.1129360245354192,0.8159736283303307,1.034656207998483,0.0,0.34132497687114277,0.2754687772634844,0.25547434338171265,0.2764967551843623,1.0562071728411597,0.851610667632439,0.9324784737018621,0.8165620326089611,1.3214597598354227,1.3802403590927417,0.8541209257053824,0.8818721979736645,0.902235620266802,1.3416048869843467,0.7102138735219603,0.7757143379534428,1.4232647094864017,1.0004467260378738,1.115376241374325
e_large,0.9135293900350474,0.8682770596877603,1.1100175305601054,0.903905689381943,0.8539047318696347,1.0565286238428384,0.7374313161242515,0.7027667673790174,1.009256463930074,0.9182404482078813,0.8682694569020959,0.7317177162924065,0.7445097838377661,1.0232210596753168,1.325689773341289,0.8135955886030083,0.7886822321080418,1.0264432213523804,0.8128506280070497,0.9746899422345335,1.0741224686370554,0.7894951663084802,0.34132497687114277,0.0,0.3055911770118458,0.4102619886478231,0.34857550098762197,1.0558300054762033,0.9126146186054586,0.9102808799953732,1.038451195655669,0.9720238087828063,1.5073242682696786,0.8612534123503912,1.1897324853875424,1.6267836761398287,0.8674363779014489,1.097345597871145,0.7250556862993597,1.1072140371996697,0.8143046551242794,1.1892295478834005
e_normal_flip_h,1.1207944103344807,1.0119967559248972,1.0183170074584762,0.9097805357511852,1.105221027778101,1.0650668157091625,0.8671237195058338,0.8517934050036285,0.8040377306981727,1.0638999318662519,1.1316370624388765,0.7555336096032846,0.972004022765455,0.7332658252204228,1.0028661918859874,1.1201593566147985,1.4201181142881578,0.6917830574981222,0.9027173325365254,0.75732526682009,1.0146170482162702,0.7485163252445783,0.2754687772634844,0.3055911770118458,0.0,0.29280679400786236,0.3110745336202606,1.1501036507403921,1.001140072549187,0.9623035263160024,1.1144749901499633,0.8710192961325599,1.0468621013725645,0.9250504276338533,1.0299776395422,1.2351323165426664,0.9449865593639251,0.9416646604948777,1.4902999137862494,0.874882612497706,0.8455890843277757,0.8566490677245002
e_normal_flip_v,0.9546993607317471,1.0169868921716168,0.907944728981053,1.008186977148138,1.4405675647996559,0.9508057923908595,0.6791358335958927,0.7074691009818288,0.8721508109636685,1.1908954674524646,1.131406908118402,0.9898689352654735,0.9219553475581712,0.6987569858590607,0.7123024625956111,0.9441594910990145,0.7556964607958202,0.9176173805386523,1.0951019584452113,1.168387070719501,1.3995942127902616,1.0879192472863222,0.25547434338171265,0.4102619886478231,0.29280679400786236,0.0,0.25250333480905357,0.8582479686019951,0.7498171963402095,0.9095610510334642,1.0615765872032379,0.9410073096564556,1.3458746468150358,0.8293562389385551,0.8090607852273849,0.700706615143337,1.3175249225756944,0.9952319839155704,1.0124740003541248,1.1333400289411721,1.1604134624727322,1.275030340322858
e_normal_rot90,0.9487937883635964,0.9498639485495227,0.8991865874437229,0.9291458128335003,1.2647173470149786,1.137089940951257,0.8241585451980198,0.8569714115721225,0.7667498514561593,0.9470768924186025,0.9956248678948553,1.1592058139793362,1.0873538616047853,1.1719837520098995,0.9914448148841272,0.9149957004553971,0.9630954073314661,0.8783968641336696,1.0891836889743487,0.9278156658661895,0.843337604987442,0.7778897477569953,0.2764967551843623,0.34857550098762197,0.3110745336202606,0.25250333480905357,0.0,0.9887894699533311,1.0978320109072035,1.0640056314801076,1.0420008919660875,0.9351133104992988,1.5654891822080121,1.009977602907976,1.3051561288177411,1.3354695156163687,1.4541014445921232,0.9394684277171168,0.5961801716752604,0.9319290949062944,1.1885853997744649,1.2647016495329655
f_normal,1.098173341895046,0.8124489951178638,0.920994571734947,1.4317574041092849,1.1978417052527264,1.215291141434246,0.876908275859734,1.1023252393288696,1.2753976642973006,1.0793897633658607,0.7262216843196683,0.808454230819279,1.2525300178250731,1.3078619359160788,1.1403022627788395,0.6317711533503755,0.5604898555222088,1.1050328648961962,0.6733313464535717,0.8858116146165874,0.7132013185665931,0.9370738183838266,1.0562071728411597,1.0558300054762033,1.1501036507403921,0.8582479686019951,0.9887894699533311,0.0,0.265704538025531,0.335729627836252,0.3468089448302917,0.2790668464731195,0.951779624705356,1.0216094066223935,0.9858234505979429,1.1914924801774265,1.0921986654302929,1.0066047660511255,0.9055917040256558,1.0353447898812225,1.3624848281227688,1.117771558969793
f_large,0.9224553265680527,1.180515253436764,0.9086312502064725,0.8111696275664595,0.9073261776301592,1.0102108915534815,1.19723937345118,0.9206069666709789,1.2301060960414882,1.0218786299867577,0.8216501498779145,0.7841726651025482,0.8176004589272697,1.1287057177302087,0.9462272440184616,0.9848751796302664,0.7527204088094791,1.3730519360719584,0.8185442688553408,0.8797234309798911,1.0155174998494005,1.0296716259427778,0.851610667632439,0.9126146186054586,1.001140072549187,0.7498171963402095,1.0978320109072035,0.265704538025531,0.0,0.31479861841207973,0.3777202658519411,0.2883156662236477,1.048495631034191,1.0439338697713767,0.8437081377832163,0.7956660983791717,1.0474955286606304,1.0706525017593456,0.7322884902353037,0.9026975851144453,1.1312585787365916,1.138352951959757
f_normal_flip_h,0.7066116844492423,1.3514095738891447,0.7331587621982201,0.8569263859552088,1.022452369745609,0.8223066853229837,1.5797961756838375,1.0012054043685823,0.8267679343018194,1.171302696831331,0.967327113067264,0.633255392659536,1.5826880485399968,1.2868454851117095,1.5476118670001286,1.5529050522648038,1.3977752881295336,1.2467788296513154,1.0578107937544228,0.9427227854526297,1.0394086749357772,1.153883546237139,0.9324784737018621,0.9102808799953732,0.9623035263160024,0.9095610510334642,1.0640056314801076,0.335729627836252,0.31479861841207973,0.0,0.2692876435328477,0.3113159168524286,0.8701032448590967,0.7766551450782918,0.5951652940053531,1.0167888141147294,1.034541074919015,1.1931929304166993,0.991055897612885,1.0348111137572669,1.2874778164311471,1.1944503304013658
f_normal_flip_v,1.016885633630988,1.2303559057344646,0.6612141577351632,1.4343802984670992,0.9237006783315925,0.8105333266475776,1.4117991558303058,0.6632601004107781,1.164131637292591,1.0119967559248972,1.1248594120564899,1.3981019214696881,0.9802009547314687,1.1394668116179147,1.2631047207427382,1.3209960859381413,1.0423040096628733,1.47195905556982,0.9706376429731709,0.6849372733713601,1.5797919867930537,0.8073167288543645,0.8165620326089611,1.038451195655669,1.1144749901499633,1.0615765872032379,1.0420008919660875,0.3468089448302917,0.3777202658519411,0.2692876435328477,0.0,0.34324070913537597,1.1094540754966862,0.9711685427803934,1.0929199735006676,0.9932182126516687,0.9576674105370803,1.0168913448306978,1.081949654214928,1.055509825973381,1.0798233436766407,1.2801388620422345
f_normal_rot90,1.071386931065972,0.9979544167340165,1.3492549627959753,0.8622538506577636,1.1017033694117195,1.17842955322678,1.0153291164719573,0.7115910743375876,1.3139337922506396,0.9586254380411668,0.8674210043777597,0.8142436993301123,1.0199248174870643,1.1784838951621408,1.2651620280691245,1.2692927071906726,1.032665159169507,1.2720477118868672,1.0686600864695226,0.8609555919899498,1.1762070439899504,1.0841482811611316,1.3214597598354227,0.9720238087828063,0.8710192961325599,0.9410073096564556,0.9351133104992988,0.2790668464731195,0.2883156662236477,0.3113159168524286,0.34324070913537597,0.0,0.8877550491498485,0.7442833129753479,0.984628097947462,0.9166899330061877,1.1134448442879292,1.2146667280053545,1.0607035521875674,0.8757903996163411,1.1505915759092535,0.9514031427701901
h_normal,1.0728619559113706,0.9256042346191735,1.0326679689237326,0.9836684592744704,0.8319068843795598,0.8808660856308245,0.7930310584320299,1.0604091966077664,0.8081106432349096,0.7240088578656074,1.0014530551900465,1.292648513283483,0.9419655422164229,0.9134374233174147,0.7860098652830615,0.8583668010057055,0.8520849964620595,1.2194468953637911,1.1635580669326808,1.3977421471492744,1.29278672969551,0.9356177933799114,1.3802403590927417,1.5073242682696786,1.0468621013725645,1.3458746468150358,1.5654891822080121,0.951779624705356,1.048495631034191,0.8701032448590967,1.1094540754966862,0.8877550491498485,0.0,0.35656503626684,0.5289183342708221,0.34613912201447095,0.3970996565539236,0.8977865910171913,0.9957325556354177,0.7641719425024801,1.1251634657867147,0.9218641861105004
h_large,0.7824528621883627,1.0547113425611079,1.075813478072155,1.1322521354975947,0.975787306357842,0.9784913968522299,1.3234584853983618,1.2217509178963752,0.8929461353371857,1.2435510219764667,0.8431148452728182,0.9112497898847992,1.0823655047416336,0.9908758649924005,1.097970703290185,1.219934002913643,0.9361274392309736,0.6045516129620468,1.2235912861158977,0.7683182824244646,1.4678937642092371,0.7653310064483924,0.8541209257053824,0.8612534123503912,0.9250504276338533,0.8293562389385551,1.009977602907976,1.0216094066223935,1.0439338697713767,0.7766551450782918,0.9711685427803934,0.7442833129753479,0.35656503626684,0.0,0.3522001271950827,0.31787415019604853,0.6151043939804641,0.88252969410321,0.9420523446958375,1.169450175340019,1.0819988806710752,0.9335899630291018
h_normal_flip_h,1.056704689164578,1.154318937339566,1.0095874858279852,1.0696494888458048,0.7725505986094904,1.2337224119420305,0.8140533768180669,0.9600319057953106,1.0393338482723853,0.8521475712451251,1.0518414432287593,0.9901590610933575,1.2136209720614894,0.8124369910866406,0.8188082227236264,1.0680291843758207,0.7355632056447726,0.9692214099329218,0.8918964250283631,0.728444626634084,0.9308586352489053,0.9655048323495423,0.8818721979736645,1.1897324853875424,1.0299776395422,0.8090607852273849,1.3051561288177411,0.9858234505979429,0.8437081377832163,0.5951652940053531,1.0929199735006676,0.984628097947462,0.5289183342708221,0.3522001271950827,0.0,0.30343596980260595,0.30611393868543574,0.6676875994370475,0.9060206820708955,1.0584051075933552,1.181120448189851,1.2560225024900666
h_normal_flip_v,0.8104294304528136,0.8967745439367234,0.9521619898779446,1.0178215908048398,0.6590361414133841,1.2840551934902678,0.5753808586759142,0.928291040347834,0.7900555844688629,0.8837239009725109,1.0978097714182133,1.0334658809942932,1.0575953078664355,1.3403020510207966,1.0785269261725006,1.4242518237419004,0.7667974124921116,0.7973521583539491,0.8443100597724439,1.2300695404362583,1.0369625668382185,0.8699959119084103,0.902235620266802,1.6267836761398287,1.2351323165426664,0.700706615143337,1.3354695156163687,1.1914924801774265,0.7956660983791717,1.0167888141147294,0.9932182126516687,0.9166899330061877,0.34613912201447095,0.31787415019604853,0.30343596980260595,0.0,0.5065681527089921,0.8348612526072572,0.697146524325155,1.1068245324944437,1.2544039738669233,0.9958468849974771
h_normal_rot90,1.1818914190910212,1.3789957169456235,1.1957085901372635,0.8876596223356742,0.6749672131831181,0.847193080478917,0.9729570983404334,0.9229786419250323,1.0359011305212684,0.6646723546324184,0.7394850413206477,1.004511686472559,0.9404746024960879,0.7976555112413086,0.8464500716099682,0.9703678870466392,0.9880549528774082,1.0880611509377807,1.0428122161446625,0.6167358549384442,1.1687503072646521,0.8548555290499821,1.3416048869843467,0.8674363779014489,0.9449865593639251,1.3175249225756944,1.4541014445921232,1.0921986654302929,1.0474955286606304,1.034541074919015,0.9576674105370803,1.1134448442879292,0.3970996565539236,0.6151043939804641,0.30611393868543574,0.5065681527089921,0.0,0.8294892317707578,1.0713789464330494,0.8721567591894465,0.9220517850191271,1.1226867241558327
k_normal,1.1303229925989815,0.8501759167978368,0.9845312041252601,1.1924772885361814,1.4431744472383154,0.9425359863507705,0.9232971370474033,0.997743763429607,1.1067137067830262,1.0528589534232127,1.195647464526973,0.8971908527260284,1.122135471569585,0.9554137690781747,0.7373235352794407,1.0019929104782552,1.0378893807795564,0.743600732722722,0.7650464497126142,1.3852488292818497,1.2839784231949525,1.061135413626514,0.7102138735219603,1.097345597871145,0.9416646604948777,0.9952319839155704,0.9394684277171168,1.0066047660511255,1.0706525017593456,1.1931929304166993,1.0168913448306978,1.2146667280053545,0.8977865910171913,0.88252969410321,0.6676875994370475,0.8348612526072572,0.8294892317707578,0.0,0.32175602844158663,0.29205999779361147,0.32563487595233864,0.27988619513659724
k_large,0.7963189558383775,0.8141003768307056,1.0626265639516994,1.3706782314074826,1.0016680333580874,1.5541616635411606,0.852520289451924,1.0074854225690593,1.066419232857588,0.8905148978151446,1.0755454190433023,1.125782280755733,0.9705417064316507,0.9013183078101498,0.9135577630403366,1.0680245624334197,0.7947079232848032,1.0750799921147869,0.9974267753810847,1.2351426788216588,1.0498658449991256,1.371999506589892,0.7757143379534428,0.7250556862993597,1.4902999137862494,1.0124740003541248,0.5961801716752604,0.9055917040256558,0.7322884902353037,0.991055897612885,1.081949654214928,1.0607035521875674,0.9957325556354177,0.9420523446958375,0.9060206820708955,0.697146524325155,1.0713789464330494,0.32175602844158663,0.0,0.35918116797733185,0.31795423978238857,0.4056463400132983
k_normal_flip_h,1.0718871813288038,1.09673730252954,1.3320828715780766,1.2255853348871852,0.9198395044806215,1.2015278412222077,0.8591034922274268,0.9905164443036052,0.8280035173052486,1.1863506857138681,1.2513469373857915,0.7947116349057923,1.2441168072291535,0.9919673344497312,0.9394211916743704,1.3118779964376288,1.2127435821328842,1.2105362418894652,1.2581282107380531,0.947316178137264,1.141849890595277,1.125086557360202,1.4232647094864017,1.1072140371996697,0.874882612497706,1.1333400289411721,0.9319290949062944,1.0353447898812225,0.9026975851144453,1.0348111137572669,1.055509825973381,0.8757903996163411,0.7641719425024801,1.169450175340019,1.0584051075933552,1.1068245324944437,0.8721567591894465,0.29205999779361147,0.35918116797733185,0.0,0.322706693914479,0.3354655074111279
k_normal_flip_v,0.9673109322432198,0.9120944675523567,0.8736524329520174,1.073885939521011,1.4272623845706245,1.1392629876881761,1.0622108951382396,1.2230101523365706,0.7921308055453239,1.2881897058677936,1.0104310754881884,0.8759105721589664,0.9879481581792751,1.1735269729337905,1.0082494318940995,1.2290675787498853,1.3175379117248118,1.4497396158378373,1.4633559913506624,1.1075308379686966,1.248704054882532,0.9148411426948229,1.0004467260378738,0.8143046551242794,0.8455890843277757,1.1604134624727322,1.1885853997744649,1.3624848281227688,1.1312585787365916,1.2874778164311471,1.0798233436766407,1.1505915759092535,1.1251634657867147,1.0819988806710752,1.181120448189851,1.2544039738669233,0.9220517850191271,0.32563487595233864,0.31795423978238857,0.322706693914479,0.0,0.37099979853066506
k_normal_rot90,0.8110484378047584,0.8871031515555734,0.9792798792239785,0.9951224219429919,1.3268193666825119,1.3460713100459611,0.8130582042440528,1.5065828566128963,0.972074637295351,1.086010889333844,0.5770588397531591,0.8427548278095797,1.3632078200734101,1.0366883935645423,1.0235082795550887,1.1050626017048104,1.1349011774340463,1.4783158312034714,1.1837159128813155,1.0110653418901252,1.3050800715069188,0.8635986772774158,1.115376241374325,1.1892295478834005,0.8566490677245002,1.275030340322858,1.2647016495329655,1.117771558969793,1.138352951959757,1.1944503304013658,1.2801388620422345,0.9514031427701901,0.9218641861105004,0.9335899630291018,1.2560225024900666,0.9958468849974771,1.1226867241558327,0.27988619513659724,0.4056463400132983,0.3354655074111279,0.37099979853066506,0.0
