,b_normal,b_large,b_normal_rot90,d_normal,d_large,d_normal_rot90,q_normal,q_large,q_normal_rot90,p_normal,p_large,p_normal_rot90,r_normal,r_large,r_normal_flip_h,r_normal_flip_v,r_normal_rot90,a_normal,a_large,a_normal_flip_h,a_normal_flip_v,a_normal_rot90,e_normal,e_large,e_normal_flip_h,e_normal_flip_v,e_normal_rot90,f_normal,f_large,f_normal_flip_h,f_normal_flip_v,f_normal_rot90,h_normal,h_large,h_normal_flip_h,h_normal_flip_v,h_normal_rot90,k_normal,k_large,k_normal_flip_h,k_normal_flip_v,k_normal_rot90
b_normal,0.0,0.21593161540416891,0.7193177802418641,0.43229938774449417,0.40293436201408894,0.3573473503556201,0.3485366102820153,0.4645744913118834,0.44413724485429146,0.4027948329867882,0.464953247077368,0.4671492168970035,1.004596021842624,1.5489546468198465,0.9067879569706694,1.4270552940456858,1.4761459280092184,0.7484839860337678,1.0833070669181744,1.1014038942798412,0.9197138710379924,1.19410800856268,1.4501720610066882,0.9159071490298363,1.0356509335475619,0.7353415028927611,1.401072231573316,1.0337989266362924,1.2683161619113985,1.226087204201579,1.053449946800273,1.4613758592856012,1.0236369976735258,0.7519796679913837,0.6733084480174135,0.5099429948824912,0.6964769970478746,1.212552055772351,1.0721482905870638,1.5077250062890675,1.4366297005808464,1.305705010210936
b_large,0.21593161540416891,0.0,0.5319984899113718,0.4535385138701164,0.27740554000167816,0.3252875890589445,0.5457621678201623,0.4482019164317619,0.4250517923773154,0.3306449446034554,0.36226501676203177,0.3717557293123439,0.8773217897497387,1.3534344352405288,1.1466565365344994,1.0037640707323432,1.2875244634952174,0.6609916944063579,0.9100005931963895,0.9954375697704442,0.9785993323160292,1.0454523347412201,1.3500288317545925,1.0282258781160742,1.1024044321952164,0.7311028500619577,1.0812915548537632,1.5046636466210188,1.0873279384484649,1.0558746239874202,0.6404657736455351,1.2986968147332916,0.8894491738225196,0.6494603361944392,0.627840822625638,0.40615639502251444,0.7870941913477596,1.6379635701327449,1.2700226459091084,1.3356530081236384,1.4089061301983647,1.5869131388451128
b_normal_rot90,0.7193177802418641,0.5319984899113718,0.0,0.46800800517088587,0.3569602042291614,0.34580036066087216,0.46335115783843456,0.47827466114337985,0.3400287723218888,0.40208325772929404,0.40583411818504533,0.22676877396352388,1.1132833818356167,1.201397197645185,1.0196962701452579,1.2592570613690541,1.1557559105595936,1.0439796071676088,0.8755889432232233,0.965444740387194,0.743267210221618,0.8960191084822339,1.2667898005818463,0.6679314048426751,0.6758680830515402,0.5909052870173369,1.085165140467481,1.1706909359813522,1.6249979255823797,1.2134899918368784,1.4152934914285809,1.4354235555355193,0.94645275931596,1.3927798132486242,1.3315378798657118,1.111912972713,0.9542072771672137,1.4751282457033779,1.5741903335548448,1.4126684861851224,1.25534496168928,1.4014601456589162
d_normal,0.43229938774449417,0.4535385138701164,0.46800800517088587,0.0,0.33083213990980415,0.4158593839708598,0.299033663761298,0.5000769490546266,0.6209167415726043,0.25806769425959036,0.4076226738925237,0.3787716796990052,0.9286000194969831,1.0385906747198852,0.6618585337556163,1.436229903033192,1.2606536946395812,0.8340639174218109,0.8250006911948135,1.04811912595553,0.7495665375187075,0.927154874915769,1.5293933106705537,1.0478843500636739,0.633145650401248,0.6649429117141479,0.909663055872761,0.9408624174834308,0.9917006726520557,0.9882013957331677,1.1038776523023255,1.6312733794397707,1.1455096760629342,0.820598486394709,0.7485372148966026,0.9892291282903969,0.608136187685715,1.3966524683744819,1.3486814881700007,1.6409425229589107,1.353679471383348,1.3407201763297956
d_large,0.40293436201408894,0.27740554000167816,0.3569602042291614,0.33083213990980415,0.0,0.5076677137955132,0.2954454438203652,0.28845303359793173,0.2593082985105814,0.2585592453707521,0.24791381567638757,0.34720136342089375,1.5680120150454697,1.4195465822624669,1.2766953682318223,1.1454042779745177,1.2602151284173697,0.7186369968660331,1.1152856937462845,0.9585817433507752,1.1228461079600467,1.25207639762206,1.1595752347878945,0.7199323046684446,1.043261715550057,1.3022288265797621,1.4096465141893915,1.2376865349554829,1.4889874266445193,1.4163996996998964,1.4707853220852336,1.5909255776251594,0.5192675654606973,0.5926747790708216,0.5494932957389079,0.8307346517418789,0.9046969087495296,1.6338880866207444,1.2151670731228328,1.079346446875127,1.012435979624793,1.104181910710895
d_normal_rot90,0.3573473503556201,0.3252875890589445,0.34580036066087216,0.4158593839708598,0.5076677137955132,0.0,0.5096996017155686,0.8966055020666354,0.31905990503160747,0.2824099920782114,0.27489572062139017,0.2939729926148342,1.3515907038682247,1.4836496998315538,0.5728553637813643,0.9855860085302208,0.73173685571366,0.7418610724639694,0.9624097444892862,1.1484983061465885,0.9985271280353548,1.1272436926824088,0.9679899231477765,0.7542257848709621,0.5075413300445828,0.6675651045111904,1.128209327638972,0.4420579953705735,1.5635652181899864,1.6052440821375786,1.2548390608190865,1.5583575331476915,1.0731585345291619,1.0218383525108001,0.8081928402704172,1.1126970833869434,0.7296361315986664,1.2773573798674536,1.5079325020435896,1.3407722771090855,1.3173262837897095,1.3477658011881906
q_normal,0.3485366102820153,0.5457621678201623,0.46335115783843456,0.299033663761298,0.2954454438203652,0.5096996017155686,0.0,0.2733408856205973,0.41250417792970506,0.2756656042142589,0.35617878664232855,0.3498677108680427,0.6033056547357882,0.7972064459931676,1.0434719827521457,1.1818290757521983,0.9806738736221052,1.2234594272862886,1.056474502346757,0.5661200004256403,1.0103563695951858,1.0279361255260475,1.3851562513122722,0.6964461308019195,0.9188533656407533,1.1683371617369525,1.4308120439600178,1.312807557436238,1.6502524547556727,1.5369747997896837,1.1535544849297281,1.214281332956036,0.714550189995234,0.7374641864270147,0.9415834962191983,0.7196096603233142,1.0056168170808109,1.4231656343798245,1.0237629944734448,1.5752465362963273,1.5747705211985958,1.2513635972494301
q_large,0.4645744913118834,0.4482019164317619,0.47827466114337985,0.5000769490546266,0.28845303359793173,0.8966055020666354,0.2733408856205973,0.0,0.504697868986666,0.33512949120086216,0.28705634338949676,0.31397800119013486,0.7103431136413175,0.8290620349079394,1.1647565152948056,1.1996091520735805,1.045041003051389,0.8367203135291824,0.664936972916911,0.6010871293994995,0.9443972714653407,0.6620441076426393,1.0525665646017512,0.8186170353061537,1.0752573453899947,1.1768942407309697,1.30488625649321,1.1162462774962285,1.3848990444966647,1.0809933881181166,1.6662405078821538,1.5962444157857032,0.8948661593310805,0.708858672806128,0.9126190047277795,0.8977220112887482,1.0660787110147163,1.6311189996019548,0.8589783136553123,0.7453137591677478,1.4758440309355612,1.1844315252140656
q_normal_rot90,0.44413724485429146,0.4250517923773154,0.3400287723218888,0.6209167415726043,0.2593082985105814,0.31905990503160747,0.41250417792970506,0.504697868986666,0.0,0.4180637744773381,0.39936378802166267,0.41618525044627575,0.5768348116277863,0.9753631059113573,1.2336059018878858,0.7929087758074893,0.8843973036178866,1.0365786588212733,0.8800634896934176,0.8273600543528945,1.4390965768106165,0.829050922195828,0.7611331882447185,0.5247769296910918,0.8408904037778727,0.7822410955185441,1.033267049141659,1.3791546529582805,1.6193089316084253,1.2364678373416373,0.6238568531593159,1.2219359743600364,1.3258242691995246,0.6981681404254894,0.7612300173423884,1.294449201059947,1.1320067154153362,1.444168675780176,1.3375374836906229,1.33010716043844,1.5143314308487184,1.4904153004746992
p_normal,0.4027948329867882,0.3306449446034554,0.40208325772929404,0.25806769425959036,0.2585592453707521,0.2824099920782114,0.2756656042142589,0.33512949120086216,0.4180637744773381,0.0,0.26467779977503003,0.3463031260550434,0.9692032402727718,1.0772761382633096,1.5355894955066358,1.41806389104535,1.5208151733095594,0.6225060953860956,0.9792636655232018,0.8558696265317056,1.1843259152433032,1.165609152578749,1.2212082946039624,0.6606696265503866,1.4061445155717482,1.4419724597637769,1.568458029806301,1.253821534667542,1.6534594613394085,1.0865573006143436,1.240239642402729,1.5700862307068717,0.9086300808058188,0.8806390765507024,1.0856178467226048,0.906419276701119,0.6437133329937059,1.4203511324928249,0.907635195897397,0.9341964617430587,1.4784658676682376,1.1553556641848217
p_large,0.464953247077368,0.36226501676203177,0.40583411818504533,0.4076226738925237,0.24791381567638757,0.27489572062139017,0.35617878664232855,0.28705634338949676,0.39936378802166267,0.26467779977503003,0.0,0.38460672846871,1.240176566833108,1.281267152081372,0.8561958742937167,1.0710722905991141,0.9849276037351915,0.7072886243194265,1.1414381627052637,1.3490161737345936,0.43074935472385767,1.289974133581831,0.9940415459606837,0.7456767688106452,1.594995312966139,0.7659756857757418,1.2003463612945837,0.447203638218909,1.4538467383085099,1.2466437988154215,1.4317818650269505,1.5624831968948216,0.7993131782065136,1.0045738082148585,0.8632499626283898,1.2336863623544152,0.6833034975389372,1.1882141166006122,1.5299413965019726,0.765349980295761,1.223036184916532,1.0119326629807137
p_normal_rot90,0.4671492168970035,0.3717557293123439,0.22676877396352388,0.3787716796990052,0.34720136342089375,0.2939729926148342,0.3498677108680427,0.31397800119013486,0.41618525044627575,0.3463031260550434,0.38460672846871,0.0,0.6350920296536366,0.9005528785880292,1.0958763266459899,1.0788253021779275,1.1498766167417014,1.017199523659259,0.8341655486210154,0.7815341090455574,0.858520565683007,0.8625995119230776,0.9639975384771611,1.0146239941286492,1.2253129970407526,1.2372525632423472,1.3265930617185695,1.4254188362860016,1.590616693771674,1.1274835208631622,1.1615367074328933,1.5082209905077397,0.5348798076141347,0.7981135502751503,0.9898533052560853,0.5283132089220727,0.7604514274974359,1.5069070767107637,1.1871360457990074,1.7519511773900636,1.619126372912914,1.3286301508018334
r_normal,1.004596021842624,0.8773217897497387,1.1132833818356167,0.9286000194969831,1.5680120150454697,1.3515907038682247,0.6033056547357882,0.7103431136413175,0.5768348116277863,0.9692032402727718,1.240176566833108,0.6350920296536366,0.0,0.28171774332548105,0.23422585006190136,0.2594390384587972,0.25025408280796074,1.2635152478419214,0.700574473133502,1.235185096576447,1.049261727470417,0.7798011259406107,0.8976330553640666,0.6259155496319421,0.8756133449445253,1.234917695444682,0.8131969670148087,1.513933896125001,0.7276282004544613,0.6801688151580165,0.658087184673358,0.4539139661476235,1.534547195037249,1.0655542999183196,1.07488924568552,0.7873518257260679,1.3264194276703505,1.1279242758457966,0.8599787879038375,1.2826717699801256,1.2233846543331635,1.1580058667010238
r_large,1.5489546468198465,1.3534344352405288,1.201397197645185,1.0385906747198852,1.4195465822624669,1.4836496998315538,0.7972064459931676,0.8290620349079394,0.9753631059113573,1.0772761382633096,1.281267152081372,0.9005528785880292,0.28171774332548105,0.0,0.30601492864525376,0.2551550743911895,0.2533593262478731,1.368660397349395,1.0371738895307239,1.2609894870149312,1.2145073964663295,0.9652790211769553,1.0394558761669936,1.0075042919869894,0.8937958896283068,1.064987056720216,0.9836254715586877,0.8139179550558424,0.7372434454991874,0.5886975722537646,0.5625456785730295,0.9967663599188696,0.7156460952298125,0.9658573620553765,0.5713523391906691,0.5477675827503989,1.0318598870725413,1.2360034211634552,1.028787228097157,1.3499537618442075,0.9320572410244884,1.2060971562171732
r_normal_flip_h,0.9067879569706694,1.1466565365344994,1.0196962701452579,0.6618585337556163,1.2766953682318223,0.5728553637813643,1.0434719827521457,1.1647565152948056,1.2336059018878858,1.5355894955066358,0.8561958742937167,1.0958763266459899,0.23422585006190136,0.30601492864525376,0.0,0.2802300188433241,0.21561927791874114,1.6512087012346133,1.5988895169597137,1.617475974880988,1.4231747837655793,1.3921336104364055,1.6153517871758702,1.031170940950382,1.0518482819629547,1.3261739861117203,1.291601495583134,0.5699154057892813,0.7853267861994223,1.1512100598633888,0.6668462972527242,0.7670865120845634,0.6771742785684554,0.757067352385218,0.8401450435453227,0.8685635037289576,0.5812216108764416,0.7452189829796453,1.4999026198501009,1.001938239755541,1.3124810519142833,0.8355008823879111
r_normal_flip_v,1.4270552940456858,1.0037640707323432,1.2592570613690541,1.436229903033192,1.1454042779745177,0.9855860085302208,1.1818290757521983,1.1996091520735805,0.7929087758074893,1.41806389104535,1.0710722905991141,1.0788253021779275,0.2594390384587972,0.2551550743911895,0.2802300188433241,0.0,0.24634791581365187,1.5531363413399286,1.4761147211915797,1.5823471978747643,1.6235622056546846,1.2931223188623173,0.783381533622577,0.9999087850361872,1.2343808348925593,0.9200151398913184,1.3239165723726047,0.8965331665090384,1.0907916928640171,0.6713135425025836,0.7221940430619853,0.7438806915000514,0.9306888590148897,1.1910977653831718,0.8302798264411514,0.8670097369183978,0.36992531662047656,1.4400373602039849,1.5076629716742396,1.504547996395269,1.181755527401482,1.1610421872136112
r_normal_rot90,1.4761459280092184,1.2875244634952174,1.1557559105595936,1.2606536946395812,1.2602151284173697,0.73173685571366,0.9806738736221052,1.045041003051389,0.8843973036178866,1.5208151733095594,0.9849276037351915,1.1498766167417014,0.25025408280796074,0.2533593262478731,0.21561927791874114,0.24634791581365187,0.0,1.4329246380956149,1.3827774836909927,1.5108697817714953,1.5767630518198406,1.17395757863395,0.9322219707479473,0.9620343321303193,1.146139519556469,1.0281549087485302,1.2016656085005037,0.6144934349994775,0.8960435988965191,1.5751342658782728,0.6374233235236743,0.6550530924315042,0.7664085672469153,1.0276433028300487,0.612765513582329,1.088589702040992,1.1926488993734952,1.2950587783678482,1.290910216896632,1.1801879500556594,1.225576962158877,1.0173172615501258
a_normal,0.7484839860337678,0.6609916944063579,1.0439796071676088,0.8340639174218109,0.7186369968660331,0.7418610724639694,1.2234594272862886,0.8367203135291824,1.0365786588212733,0.6225060953860956,0.7072886243194265,1.017199523659259,1.2635152478419214,1.368660397349395,1.6512087012346133,1.5531363413399286,1.4329246380956149,0.0,0.23568589100769677,0.2991805433214573,0.27084364904900465,0.27758796198846114,0.7906173637451807,0.7062179557170594,0.737095087743964,0.5184655772462967,0.9383101141232221,1.1551100415571969,1.401237066889295,0.9852509024790791,1.3452382785077337,1.4896571383403026,1.4957199267622865,1.2824410772245882,1.1617022817572884,1.166466112035042,1.284678141665982,1.4675725338339982,1.3132566220300894,1.4429837301950938,1.4932242281053933,1.416381708794313
a_large,1.0833070669181744,0.9100005931963895,0.8755889432232233,0.8250006911948135,1.1152856937462845,0.9624097444892862,1.056474502346757,0.664936972916911,0.8800634896934176,0.9792636655232018,1.1414381627052637,0.8341655486210154,0.700574473133502,1.0371738895307239,1.5988895169597137,1.4761147211915797,1.3827774836909927,0.23568589100769677,0.0,0.27315191119671994,0.2558248404253511,0.2774779900584803,0.7091404372786426,0.9565171265171147,0.9703857458537621,0.802644998161273,0.7866297495135504,1.1943780183557635,1.4572680372030267,0.9869793185496841,1.236450575253287,1.1857564175638715,1.5521078029315887,1.3235059307832162,1.1549053081182896,1.3391181062459367,1.1218118457280801,1.5458120350014337,1.4866445824958099,1.6570346734581236,1.5318671740563237,1.439711035608988
a_normal_flip_h,1.1014038942798412,0.9954375697704442,0.965444740387194,1.04811912595553,0.9585817433507752,1.1484983061465885,0.5661200004256403,0.6010871293994995,0.8273600543528945,0.8558696265317056,1.3490161737345936,0.7815341090455574,1.235185096576447,1.2609894870149312,1.617475974880988,1.5823471978747643,1.5108697817714953,0.2991805433214573,0.27315191119671994,0.0,0.2612014616876816,0.26618078356888236,0.6053673534112788,0.772594973943806,0.924873062112521,0.653565895334882,0.6882264710463182,1.0351793425127356,1.6408390441800544,1.066674805133647,1.0994559525677625,1.3457614194923007,1.3699996115813804,1.6075458264664695,1.7084380936358605,1.355891815715438,1.4814539699873728,0.8125017975793927,1.0979381866733156,1.2935283611349442,1.506817403637831,1.1588261602494214
a_normal_flip_v,0.9197138710379924,0.9785993323160292,0.743267210221618,0.7495665375187075,1.1228461079600467,0.9985271280353548,1.0103563695951858,0.9443972714653407,1.4390965768106165,1.1843259152433032,0.43074935472385767,0.858520565683007,1.049261727470417,1.2145073964663295,1.4231747837655793,1.6235622056546846,1.5767630518198406,0.27084364904900465,0.2558248404253511,0.2612014616876816,0.0,0.25827947376936544,0.7243367226456707,0.7973375826302982,0.8513378743130191,0.5585507872391732,0.6183456566768426,1.4967482297794152,1.3231160513838873,1.6820382614150162,1.5356454542679832,1.4919408988689944,1.5485838484500978,1.3673471349822772,1.1198884161032292,0.802660896292646,1.1045723988875333,1.401124836387306,1.4110919992270536,1.3028347639198883,1.2448370455801767,1.3108510652839647
a_normal_rot90,1.19410800856268,1.0454523347412201,0.8960191084822339,0.927154874915769,1.25207639762206,1.1272436926824088,1.0279361255260475,0.6620441076426393,0.829050922195828,1.165609152578749,1.289974133581831,0.8625995119230776,0.7798011259406107,0.9652790211769553,1.3921336104364055,1.2931223188623173,1.17395757863395,0.27758796198846114,0.2774779900584803,0.26618078356888236,0.25827947376936544,0.0,0.7434441588712062,0.7063892659064017,0.738477210400609,0.5929131717590211,0.5873658232843901,1.3337386466314443,1.2895264871424457,1.1576940083195182,1.4249792566444597,1.2985636158918743,1.5221957658103566,1.03686303441959,0.8650206066449422,1.048748893515272,0.8394173142375198,1.4280196710531132,1.3717339918807463,1.659668007639534,1.4614073808361685,1.41844932335108
e_normal,1.4501720610066882,1.3500288317545925,1.2667898005818463,1.5293933106705537,1.1595752347878945,0.9679899231477765,1.3851562513122722,1.0525665646017512,0.7611331882447185,1.2212082946039624,0.9940415459606837,0.9639975384771611,0.8976330553640666,1.0394558761669936,1.6153517871758702,0.783381533622577,0.9322219707479473,0.7906173637451807,0.7091404372786426,0.6053673534112788,0.7243367226456707,0.7434441588712062,0.0,0.27090562137206514,0.5046662757967324,0.2612015338936479,0.34046084812358074,1.2770627767712375,1.090459498633375,1.2453377473507918,1.5476435658231984,1.575345742109039,1.5545277397823345,1.354838054866329,1.4172957700373168,0.7617421997556432,1.3292872649042689,1.5858341803269584,1.117885118323093,1.5857010724224636,1.5661106035576469,1.3570532836742553
e_large,0.9159071490298363,1.0282258781160742,0.6679314048426751,1.0478843500636739,0.7199323046684446,0.7542257848709621,0.6964461308019195,0.8186170353061537,0.5247769296910918,0.6606696265503866,0.7456767688106452,1.0146239941286492,0.6259155496319421,1.0075042919869894,1.031170940950382,0.9999087850361872,0.9620343321303193,0.7062179557170594,0.9565171265171147,0.772594973943806,0.7973375826302982,0.7063892659064017,0.27090562137206514,0.0,0.21794391648150868,0.19671912002386635,0.2596153927349716,1.4570890924707887,1.4209391174628978,1.3240864563126014,1.5894043271034515,1.3519745545892239,1.5771684277397633,1.2468963678716614,1.4024302087733798,1.316218472394555,1.3408690555294744,1.4549417368896613,1.0523065661551751,1.364764716090786,1.6298570555100254,1.6381285532436873
e_normal_flip_h,1.0356509335475619,1.1024044321952164,0.6758680830515402,0.633145650401248,1.043261715550057,0.5075413300445828,0.9188533656407533,1.0752573453899947,0.8408904037778727,1.4061445155717482,1.594995312966139,1.2253129970407526,0.8756133449445253,0.8937958896283068,1.0518482819629547,1.2343808348925593,1.146139519556469,0.737095087743964,0.9703857458537621,0.924873062112521,0.8513378743130191,0.738477210400609,0.5046662757967324,0.21794391648150868,0.0,0.23039480453165306,0.32721442419648644,1.3728871361251027,1.1166144815714727,1.3555316753212003,1.5287405713299764,1.4542893680948275,1.1912073036151316,1.319639188428205,1.101783035046417,1.6371083913495401,1.5752414951247289,1.702342474625325,1.593124641601927,1.6196919796278553,1.3720808467939578,1.6441970093573761
e_normal_flip_v,0.7353415028927611,0.7311028500619577,0.5909052870173369,0.6649429117141479,1.3022288265797621,0.6675651045111904,1.1683371617369525,1.1768942407309697,0.7822410955185441,1.4419724597637769,0.7659756857757418,1.2372525632423472,1.234917695444682,1.064987056720216,1.3261739861117203,0.9200151398913184,1.0281549087485302,0.5184655772462967,0.802644998161273,0.653565895334882,0.5585507872391732,0.5929131717590211,0.2612015338936479,0.19671912002386635,0.23039480453165306,0.0,0.22356546872363225,1.145212450244176,1.5980902969319168,1.146391360061329,1.4114149348705411,1.4485542601691277,1.1373979757999348,1.3573791176617582,1.243468176261058,0.9365439608363431,1.621509275042151,1.4489411578707896,1.2925728885166632,1.5438502270526657,1.4260327280161802,1.1550648437895632
e_normal_rot90,1.401072231573316,1.0812915548537632,1.085165140467481,0.909663055872761,1.4096465141893915,1.128209327638972,1.4308120439600178,1.30488625649321,1.033267049141659,1.568458029806301,1.2003463612945837,1.3265930617185695,0.8131969670148087,0.9836254715586877,1.291601495583134,1.3239165723726047,1.2016656085005037,0.9383101141232221,0.7866297495135504,0.6882264710463182,0.6183456566768426,0.5873658232843901,0.34046084812358074,0.2596153927349716,0.32721442419648644,0.22356546872363225,0.0,1.4126881922140293,1.2835275196645735,1.4460536494594591,1.2896574636161502,1.3954599156933667,1.5330375052932295,1.3729886060132357,1.6046949232223011,0.9850108646351937,1.644258645417771,1.5910954381847107,1.3577277404334596,1.6472592084280768,1.6162279785374052,1.4623186374374035
f_normal,1.0337989266362924,1.5046636466210188,1.1706909359813522,0.9408624174834308,1.2376865349554829,0.4420579953705735,1.312807557436238,1.1162462774962285,1.3791546529582805,1.253821534667542,0.447203638218909,1.4254188362860016,1.513933896125001,0.8139179550558424,0.5699154057892813,0.8965331665090384,0.6144934349994775,1.1551100415571969,1.1943780183557635,1.0351793425127356,1.4967482297794152,1.3337386466314443,1.2770627767712375,1.4570890924707887,1.3728871361251027,1.145212450244176,1.4126881922140293,0.0,0.33534431365703626,0.26244033896708724,0.2526431608307241,0.28344136909955775,1.0115653844836952,1.0455610167958311,0.9485099593051105,1.4929578668550956,0.6705295693940078,0.6878030417792437,0.7511288803238836,0.896582855660959,0.7656869621673404,0.662973140084172
f_large,1.2683161619113985,1.0873279384484649,1.6249979255823797,0.9917006726520557,1.4889874266445193,1.5635652181899864,1.6502524547556727,1.3848990444966647,1.6193089316084253,1.6534594613394085,1.4538467383085099,1.590616693771674,0.7276282004544613,0.7372434454991874,0.7853267861994223,1.0907916928640171,0.8960435988965191,1.401237066889295,1.4572680372030267,1.6408390441800544,1.3231160513838873,1.2895264871424457,1.090459498633375,1.4209391174628978,1.1166144815714727,1.5980902969319168,1.2835275196645735,0.33534431365703626,0.0,0.30113930067631944,0.3739719318624388,0.3213665170409719,1.3160401078012385,1.2966039688750965,1.3057539226229582,1.2086098425929976,1.1109403491666252,0.6885969759330758,0.5960621955071285,1.0099247469158863,0.8601040077698224,0.573026886996101
f_normal_flip_h,1.226087204201579,1.0558746239874202,1.2134899918368784,0.9882013957331677,1.4163996996998964,1.6052440821375786,1.5369747997896837,1.0809933881181166,1.2364678373416373,1.0865573006143436,1.2466437988154215,1.1274835208631622,0.6801688151580165,0.5886975722537646,1.1512100598633888,0.6713135425025836,1.5751342658782728,0.9852509024790791,0.9869793185496841,1.066674805133647,1.6820382614150162,1.1576940083195182,1.2453377473507918,1.3240864563126014,1.3555316753212003,1.146391360061329,1.4460536494594591,0.26244033896708724,0.30113930067631944,0.0,0.29818111481776455,0.19309221097420157,1.02871259815185,1.05975705982566,1.251939036462778,0.7583845596668609,0.9157346352299803,0.6978205577587676,0.7772614949304633,0.7641717876991675,0.8179265175142914,1.0623445830654676
f_normal_flip_v,1.053449946800273,0.6404657736455351,1.4152934914285809,1.1038776523023255,1.4707853220852336,1.2548390608190865,1.1535544849297281,1.6662405078821538,0.6238568531593159,1.240239642402729,1.4317818650269505,1.1615367074328933,0.658087184673358,0.5625456785730295,0.6668462972527242,0.7221940430619853,0.6374233235236743,1.3452382785077337,1.236450575253287,1.0994559525677625,1.5356454542679832,1.4249792566444597,1.5476435658231984,1.5894043271034515,1.5287405713299764,1.4114149348705411,1.2896574636161502,0.2526431608307241,0.3739719318624388,0.29818111481776455,0.0,0.2515653065790484,0.9335708161208383,0.9334946486888362,1.1036100022956679,0.7876675355240046,0.9010290401498372,0.6735127400579829,0.9319602634147808,1.0464260298142798,0.5870900520190228,0.7792111220912951
f_normal_rot90,1.4613758592856012,1.2986968147332916,1.4354235555355193,1.6312733794397707,1.5909255776251594,1.5583575331476915,1.214281332956036,1.5962444157857032,1.2219359743600364,1.5700862307068717,1.5624831968948216,1.5082209905077397,0.4539139661476235,0.9967663599188696,0.7670865120845634,0.7438806915000514,0.6550530924315042,1.4896571383403026,1.1857564175638715,1.3457614194923007,1.4919408988689944,1.2985636158918743,1.575345742109039,1.3519745545892239,1.4542893680948275,1.4485542601691277,1.3954599156933667,0.28344136909955775,0.3213665170409719,0.19309221097420157,0.2515653065790484,0.0,0.9000925607331276,1.0323902311922184,1.2829181545310364,1.1526614974243619,0.9149998779277513,1.132302990967107,1.03582445114458,0.809388999547954,0.82400822505888,0.7029070364192411
h_normal,1.0236369976735258,0.8894491738225196,0.94645275931596,1.1455096760629342,0.5192675654606973,1.0731585345291619,0.714550189995234,0.8948661593310805,1.3258242691995246,0.9086300808058188,0.7993131782065136,0.5348798076141347,1.534547195037249,0.7156460952298125,0.6771742785684554,0.9306888590148897,0.7664085672469153,1.4957199267622865,1.5521078029315887,1.3699996115813804,1.5485838484500978,1.5221957658103566,1.5545277397823345,1.5771684277397633,1.1912073036151316,1.1373979757999348,1.5330375052932295,1.0115653844836952,1.3160401078012385,1.02871259815185,0.9335708161208383,0.9000925607331276,0.0,0.28673292914027715,0.3674240109936523,0.3081728389293311,0.20504216894050128,1.2482279929104823,1.0086009315928055,1.0373105880381883,0.8143018140731578,0.5344949874850714
h_large,0.7519796679913837,0.6494603361944392,1.3927798132486242,0.820598486394709,0.5926747790708216,1.0218383525108001,0.7374641864270147,0.708858672806128,0.6981681404254894,0.8806390765507024,1.0045738082148585,0.7981135502751503,1.0655542999183196,0.9658573620553765,0.757067352385218,1.1910977653831718,1.0276433028300487,1.2824410772245882,1.3235059307832162,1.6075458264664695,1.3673471349822772,1.03686303441959,1.354838054866329,1.2468963678716614,1.319639188428205,1.3573791176617582,1.3729886060132357,1.0455610167958311,1.2966039688750965,1.05975705982566,0.9334946486888362,1.0323902311922184,0.28673292914027715,0.0,0.2525016543662567,0.23532414252669837,0.23664551384695987,0.9185157380836482,1.4447958565412615,1.0617217096117733,0.7574429875943604,0.650312822218888
h_normal_flip_h,0.6733084480174135,0.627840822625638,1.3315378798657118,0.7485372148966026,0.5494932957389079,0.8081928402704172,0.9415834962191983,0.9126190047277795,0.7612300173423884,1.0856178467226048,0.8632499626283898,0.9898533052560853,1.07488924568552,0.5713523391906691,0.8401450435453227,0.8302798264411514,0.612765513582329,1.1617022817572884,1.1549053081182896,1.7084380936358605,1.1198884161032292,0.8650206066449422,1.4172957700373168,1.4024302087733798,1.101783035046417,1.243468176261058,1.6046949232223011,0.9485099593051105,1.3057539226229582,1.251939036462778,1.1036100022956679,1.2829181545310364,0.3674240109936523,0.2525016543662567,0.0,0.2202857664717534,0.2730815476442806,0.7964508644156416,1.6575016452858975,1.0873815399276736,0.5461803127811954,0.8890094403982692
h_normal_flip_v,0.5099429948824912,0.40615639502251444,1.111912972713,0.9892291282903969,0.8307346517418789,1.1126970833869434,0.7196096603233142,0.8977220112887482,1.294449201059947,0.906419276701119,1.2336863623544152,0.5283132089220727,0.7873518257260679,0.5477675827503989,0.8685635037289576,0.8670097369183978,1.088589702040992,1.166466112035042,1.3391181062459367,1.355891815715438,0.802660896292646,1.048748893515272,0.7617421997556432,1.316218472394555,1.6371083913495401,0.9365439608363431,0.9850108646351937,1.4929578668550956,1.2086098425929976,0.7583845596668609,0.7876675355240046,1.1526614974243619,0.3081728389293311,0.23532414252669837,0.2202857664717534,0.0,0.3547534376683933,1.2506063413953055,1.1217537147986127,1.3745556682332742,1.184928684974099,0.976896547390846
h_normal_rot90,0.6964769970478746,0.7870941913477596,0.9542072771672137,0.608136187685715,0.9046969087495296,0.7296361315986664,1.0056168170808109,1.0660787110147163,1.1320067154153362,0.6437133329937059,0.6833034975389372,0.7604514274974359,1.3264194276703505,1.0318598870725413,0.5812216108764416,0.36992531662047656,1.1926488993734952,1.284678141665982,1.1218118457280801,1.4814539699873728,1.1045723988875333,0.8394173142375198,1.3292872649042689,1.3408690555294744,1.5752414951247289,1.621509275042151,1.644258645417771,0.6705295693940078,1.1109403491666252,0.9157346352299803,0.9010290401498372,0.9149998779277513,0.20504216894050128,0.23664551384695987,0.2730815476442806,0.3547534376683933,0.0,1.0556924311321059,0.5381767608563889,1.2813270722583725,0.8889324190749708,0.7892856624543545
k_normal,1.212552055772351,1.6379635701327449,1.4751282457033779,1.3966524683744819,1.6338880866207444,1.2773573798674536,1.4231656343798245,1.6311189996019548,1.444168675780176,1.4203511324928249,1.1882141166006122,1.5069070767107637,1.1279242758457966,1.2360034211634552,0.7452189829796453,1.4400373602039849,1.2950587783678482,1.4675725338339982,1.5458120350014337,0.8125017975793927,1.401124836387306,1.4280196710531132,1.5858341803269584,1.4549417368896613,1.702342474625325,1.4489411578707896,1.5910954381847107,0.6878030417792437,0.6885969759330758,0.6978205577587676,0.6735127400579829,1.132302990967107,1.2482279929104823,0.9185157380836482,0.7964508644156416,1.2506063413953055,1.0556924311321059,0.0,0.26236426066255936,0.2685804092633902,0.21835197742111748,0.24555696306287178
k_large,1.0721482905870638,1.2700226459091084,1.5741903335548448,1.3486814881700007,1.2151670731228328,1.5079325020435896,1.0237629944734448,0.8589783136553123,1.3375374836906229,0.907635195897397,1.5299413965019726,1.1871360457990074,0.8599787879038375,1.028787228097157,1.4999026198501009,1.5076629716742396,1.290910216896632,1.3132566220300894,1.4866445824958099,1.0979381866733156,1.4110919992270536,1.3717339918807463,1.117885118323093,1.0523065661551751,1.593124641601927,1.2925728885166632,1.3577277404334596,0.7511288803238836,0.5960621955071285,0.7772614949304633,0.9319602634147808,1.03582445114458,1.0086009315928055,1.4447958565412615,1.6575016452858975,1.1217537147986127,0.5381767608563889,0.26236426066255936,0.0,0.5284159927364002,0.8960710169820618,0.3028480073042428
k_normal_flip_h,1.5077250062890675,1.3356530081236384,1.4126684861851224,1.6409425229589107,1.079346446875127,1.3407722771090855,1.5752465362963273,0.7453137591677478,1.33010716043844,0.9341964617430587,0.765349980295761,1.7519511773900636,1.2826717699801256,1.3499537618442075,1.001938239755541,1.504547996395269,1.1801879500556594,1.4429837301950938,1.6570346734581236,1.2935283611349442,1.3028347639198883,1.659668007639534,1.5857010724224636,1.364764716090786,1.6196919796278553,1.5438502270526657,1.6472592084280768,0.896582855660959,1.0099247469158863,0.7641717876991675,1.0464260298142798,0.809388999547954,1.0373105880381883,1.0617217096117733,1.0873815399276736,1.3745556682332742,1.2813270722583725,0.2685804092633902,0.5284159927364002,0.0,0.417377484683248,0.23698632774758643
k_normal_flip_v,1.4366297005808464,1.4089061301983647,1.25534496168928,1.353679471383348,1.012435979624793,1.3173262837897095,1.5747705211985958,1.4758440309355612,1.5143314308487184,1.4784658676682376,1.223036184916532,1.619126372912914,1.2233846543331635,0.9320572410244884,1.3124810519142833,1.181755527401482,1.225576962158877,1.4932242281053933,1.5318671740563237,1.506817403637831,1.2448370455801767,1.4614073808361685,1.5661106035576469,1.6298570555100254,1.3720808467939578,1.4260327280161802,1.6162279785374052,0.7656869621673404,0.8601040077698224,0.8179265175142914,0.5870900520190228,0.82400822505888,0.8143018140731578,0.7574429875943604,0.5461803127811954,1.184928684974099,0.8889324190749708,0.21835197742111748,0.8960710169820618,0.417377484683248,0.0,0.2377466225454869
k_normal_rot90,1.305705010210936,1.5869131388451128,1.4014601456589162,1.3407201763297956,1.104181910710895,1.3477658011881906,1.2513635972494301,1.1844315252140656,1.4904153004746992,1.1553556641848217,1.0119326629807137,1.3286301508018334,1.1580058667010238,1.2060971562171732,0.8355008823879111,1.1610421872136112,1.0173172615501258,1.416381708794313,1.439711035608988,1.1588261602494214,1.3108510652839647,1.41844932335108,1.3570532836742553,1.6381285532436873,1.6441970093573761,1.1550648437895632,1.4623186374374035,0.662973140084172,0.573026886996101,1.0623445830654676,0.7792111220912951,0.7029070364192411,0.5344949874850714,0.650312822218888,0.8890094403982692,0.976896547390846,0.7892856624543545,0.24555696306287178,0.3028480073042428,0.23698632774758643,0.2377466225454869,0.0
