,b_normal,b_large,b_normal_rot90,d_normal,d_large,d_normal_rot90,q_normal,q_large,q_normal_rot90,p_normal,p_large,p_normal_rot90,r_normal,r_large,r_normal_flip_h,r_normal_flip_v,r_normal_rot90,a_normal,a_large,a_normal_flip_h,a_normal_flip_v,a_normal_rot90,e_normal,e_large,e_normal_flip_h,e_normal_flip_v,e_normal_rot90,f_normal,f_large,f_normal_flip_h,f_normal_flip_v,f_normal_rot90,h_normal,h_large,h_normal_flip_h,h_normal_flip_v,h_normal_rot90,k_normal,k_large,k_normal_flip_h,k_normal_flip_v,k_normal_rot90
b_normal,0.0,0.28388903275572674,0.27386643234655206,0.8265366127040705,0.8739660579649013,0.7528264275644285,0.3972021670158252,0.30935461561591066,0.30685811054028345,0.9948346703341472,0.7353750513298135,0.633838663943833,0.8897970319420745,0.9802766527406357,1.07526611087142,1.0390594902537005,0.5702798658120964,0.7555564881979959,0.9003170049236017,0.947307066290275,0.8175398688629386,1.0096113899309165,1.1422747223061864,0.9059954923115421,0.9493016472615962,0.8940265443735735,0.7558822757214,0.9945386719867727,0.9534018910855578,0.9832725912505131,1.052609940868963,0.8570182326154352,0.7609834630544716,0.888005607282335,0.9625940719932695,0.6683788506807464,1.0663633852536478,1.298444452598637,1.0816588027511502,0.9457125520913173,1.209593995845376,1.0694634308836608
b_large,0.28388903275572674,0.0,0.33080152203215035,0.5146552901204424,1.0649933687818913,0.7492590385555999,0.48563601729116135,0.4647376724040022,0.3956970132462517,0.6811302944840032,0.7079409447800225,0.8360422440162777,1.1966723624733135,1.1475201599577278,0.9027770081514653,1.091122482723247,1.390011702653759,0.5907370632540965,1.3247970888188438,1.3396401023775169,1.153288916090256,1.3999088170311365,1.156014951632176,1.0480168135345538,0.975671701574184,1.101608526387045,1.218929424216262,1.0379706002339213,1.5143213238357265,0.8364758156604042,1.4626276380595422,1.0839033995245257,0.7789935219276813,0.7774758514296993,0.8468612036511973,1.23870137139687,0.9359204235904366,0.8590459421501347,1.447524753278063,1.6521083381564516,1.4301552645978868,1.0082937564470686
b_normal_rot90,0.27386643234655206,0.33080152203215035,0.0,0.7695710055677586,0.638082580357054,0.45700593441916243,0.41004269215515754,0.29495129465245973,0.38329411843954203,0.6368613014492572,0.4533269131001133,0.4052223270264823,1.0440765434151922,1.1088205111365095,0.6380196608153474,1.0079820941142636,0.8485813598256303,1.1740294847918384,1.1886705282933425,1.2812154918840628,1.140938547184802,1.055293509088935,1.1983984034083166,1.2089494657441642,0.7440148411404208,0.876613303433713,0.6900585771235452,1.0954005251519545,1.2713322981534276,1.0216054207117866,0.6662913671495705,1.2184142809237999,1.053878675937397,0.9686650130252021,0.9171229129174254,0.835111024653785,1.0190745359632956,0.9377032715742917,1.1537185985240104,1.0556653705394266,1.302018139024436,0.9985789336200951
d_normal,0.8265366127040705,0.5146552901204424,0.7695710055677586,0.0,0.3308772015101478,0.33086408940953,0.6821124049679951,0.5532595410639815,0.4559785477290742,0.500924489782778,0.4878127722819725,0.28325259233957384,1.0982191902113083,0.9822214360918059,0.9446525278272528,1.1900970306500762,0.9962281303768977,0.898175337815283,1.2890113293703012,1.106332009268364,1.204904945921336,1.2130063789697352,1.1185582062337884,1.2729825732773938,1.1751919732751537,0.9793523336360992,1.0602756504023014,1.2795167675426813,1.4654967713421478,1.2106640703585556,1.2229177279403403,1.0087776439585339,0.8393564285657873,1.5337681118304545,0.8048402113169897,0.8217434103750092,1.0874490300166502,1.3435489037635804,1.0490254674855766,1.0246850340822875,1.15997018868848,1.0677142077782542
d_large,0.8739660579649013,1.0649933687818913,0.638082580357054,0.3308772015101478,0.0,0.42256035786830165,0.8622202530359605,0.48374163403586506,0.5871697438202333,0.47508469166725,1.0184001013226291,0.3877711461839664,1.3146636129615281,1.1462147227733297,1.5932252167494598,1.468570028897867,1.2179508594443789,1.165493841176967,1.354848943298723,1.071362453288494,1.0303819415286806,0.9967611945812145,1.1617892498260647,1.2058297765628778,0.9875079062725955,0.9897144477702213,1.13855249503056,1.5244393371052412,1.3522585562640235,1.187242127936392,1.2790330857544379,1.142539136785662,0.8604700629221707,1.3485772711444746,1.112168442669353,1.012214557631521,1.0581823499212701,1.121223652488024,1.095214371739785,0.9546488144469183,1.1899351137450194,1.466730260379164
d_normal_rot90,0.7528264275644285,0.7492590385555999,0.45700593441916243,0.33086408940953,0.42256035786830165,0.0,0.9206295295131811,1.0000763229349308,0.7447671221729134,0.47689946903823205,0.4645652109121437,0.2897143985002167,1.0726525964591171,0.9410791266682859,1.3246137199533328,1.309319355480352,1.5618024190230921,1.0832479587677828,0.9340937056311134,1.0784768397035067,1.0238023079643328,0.8584010407022399,1.108970591347918,0.833455029677915,0.9626447916456398,0.8064016865768131,1.1716485825602747,1.3333149264744186,1.5690218457177016,1.1526934429980906,0.7194738591706269,1.011592244826435,0.8624877981520535,1.3593758909480715,0.7628277878770398,0.9237771724984257,0.7630797515656784,1.214573416103619,1.1721381231616568,1.0175912645849596,1.2228048183517959,1.4148529756950692
q_normal,0.3972021670158252,0.48563601729116135,0.41004269215515754,0.6821124049679951,0.8622202530359605,0.9206295295131811,0.0,0.3208441021244971,0.7273950020277089,0.4295212272974586,0.41883239225445634,0.5433910428981552,1.1115754193489498,1.114135577874957,0.9249856101074805,1.3941632698029387,1.2025284864036547,0.8087244154198313,0.9129751756279925,1.04606014011014,1.1133435529088087,0.6920566339552299,0.9152089490368345,0.892575674824605,0.9783916383174235,0.8032757599892052,0.7424632657268019,0.8418505429157892,1.167916831871708,0.6939187976178809,0.9218325818350954,1.0270407454546984,0.639754433796712,1.179867438186156,0.7938018132040849,1.0586773150433064,0.9470262439344181,1.3344737361384476,1.0370901143397098,1.1621382536270959,1.032038781183061,1.3715708192741785
q_large,0.30935461561591066,0.4647376724040022,0.29495129465245973,0.5532595410639815,0.48374163403586506,1.0000763229349308,0.3208441021244971,0.0,0.309997324697466,0.7608092273505445,0.5729777569792055,0.5447230590676022,1.276714833159682,1.0226046926643466,1.7393836085708532,1.0162905482949136,1.071597394284221,1.2451015123140035,1.3259281922467376,1.1015064594556803,0.8226960675936867,0.8536313117115285,0.8880503906974959,1.1208949337519196,1.0829620780117675,0.6291387381365661,0.8349487005417149,1.148156558269851,1.338568554458813,0.8337294701876639,0.9139997498607824,1.2347744018282736,1.160400154994662,1.2136154788671738,0.9195032211216217,1.5498741217262761,1.1490021557936674,1.4998776482687874,1.3991430546108843,1.2426507992069287,1.3397342838674628,0.9155348797862337
q_normal_rot90,0.30685811054028345,0.3956970132462517,0.38329411843954203,0.4559785477290742,0.5871697438202333,0.7447671221729134,0.7273950020277089,0.309997324697466,0.0,1.0056476258796565,0.3786334377052163,0.9975089066341072,1.20801098703815,1.0637204360861006,1.0358830985998293,1.107660755155915,1.028227975599023,1.169705648402242,1.429509369036496,0.8184575560995475,1.011487830291167,1.300978731773454,1.3529133453391444,1.1760333534630192,1.1504370737901028,0.8316109810277087,1.2930389257566028,1.1977723158210605,1.239758379677828,1.0513909383420506,1.3020716007001072,1.175917711373135,0.9649054381555282,0.8455131318427606,1.0035673558275333,1.6255349799718213,0.8531721485343288,1.1439929101488873,1.3768750062363833,1.6068577308558452,1.234892049733736,1.07438703208406
p_normal,0.9948346703341472,0.6811302944840032,0.6368613014492572,0.500924489782778,0.47508469166725,0.47689946903823205,0.4295212272974586,0.7608092273505445,1.0056476258796565,0.0,0.48359538116985856,0.37072226522619256,1.2178588164488193,1.225544708926634,1.3042399286497433,0.8192701608172757,1.2781982265016731,1.1261239298891141,0.9820224201271921,0.873568060197303,1.2881975187227703,1.0069491899286467,0.939831374843862,1.0714639297196735,1.3206439346505092,1.1137668610569758,0.8066116229830378,1.09867864025655,1.482323150669801,1.0673797190414474,1.0714452329436035,1.0577532611346092,1.0423228257910078,1.3752363570224913,0.8129973246469259,0.8622375982880196,1.137821085613754,1.3538094849779294,1.2813115767743455,1.1432553439779125,1.3525762786698892,1.4199633409817622
p_large,0.7353750513298135,0.7079409447800225,0.4533269131001133,0.4878127722819725,1.0184001013226291,0.4645652109121437,0.41883239225445634,0.5729777569792055,0.3786334377052163,0.48359538116985856,0.0,0.45017895757549553,1.2929989988719928,1.0350179189409068,0.8504010538098533,0.9987279435919192,1.5336386566363251,1.1573418917009828,0.9383558792030854,1.347662860884707,1.1848503404842725,0.9984848413908411,1.1023624652283117,1.2962295016845582,0.8601507439647877,0.7162974039879328,0.806223431517373,1.1617533563467184,1.2402967097108526,1.021563012409626,1.0442393241502548,1.027308989163644,1.3175018915783414,1.1218018454545964,0.8438389392104114,0.946304613757956,1.1983908769028897,0.9842635167807466,0.9804392934460151,1.0237428575010692,1.1955235316661288,1.1780650788450513
p_normal_rot90,0.633838663943833,0.8360422440162777,0.4052223270264823,0.28325259233957384,0.3877711461839664,0.2897143985002167,0.5433910428981552,0.5447230590676022,0.9975089066341072,0.37072226522619256,0.45017895757549553,0.0,1.3433280756771862,1.0719000800641758,0.9850365070541383,0.9595492140059321,1.176571323432788,0.8773297301051276,1.0345998595829693,0.7816927702356249,1.0030411172957079,0.8660338511902116,1.235089445726719,1.138537916551293,1.3232566540816526,0.9990924178736517,0.8720194891127718,1.0502413753210684,1.2556997574735251,1.1026509619919476,0.9481639022734752,0.8352866431665957,1.2828450047257465,0.9573795705043511,1.0392333771948696,1.2629237269744302,1.1135619900199456,1.1440871791972222,0.8591429032642436,1.1135537274356835,1.016704140127752,1.1375702504487768
r_normal,0.8897970319420745,1.1966723624733135,1.0440765434151922,1.0982191902113083,1.3146636129615281,1.0726525964591171,1.1115754193489498,1.276714833159682,1.20801098703815,1.2178588164488193,1.2929989988719928,1.3433280756771862,0.0,0.27587440878496616,0.37735076197554074,0.4272603392795843,0.32934450136595095,1.111044182257229,1.3430014786841118,1.3447019340190054,0.9369100622306928,1.3175319181744294,1.0977016933634614,1.1968301124124194,1.1216660579251296,1.0779494990343308,0.8329757306639928,0.9256319744036545,0.8770973658970723,1.0537205261529163,0.7078702246496921,0.7796652877974259,1.0298829971059695,1.1661383264422374,0.8727708536283931,1.0292284956084388,1.1198197736514142,0.7556471346604154,0.8299067124596936,0.702678473514844,0.9848771607454943,0.8047852483306359
r_large,0.9802766527406357,1.1475201599577278,1.1088205111365095,0.9822214360918059,1.1462147227733297,0.9410791266682859,1.114135577874957,1.0226046926643466,1.0637204360861006,1.225544708926634,1.0350179189409068,1.0719000800641758,0.27587440878496616,0.0,0.3403753947609773,0.33352864949933475,0.2786504731941359,1.288572474977332,1.4223838119281034,1.4360591577964155,1.1222218149708187,1.3312169034219106,1.283984463963771,1.3107800852796323,1.3474256123651718,0.9013424942284014,1.2094702803898183,0.6458008512896627,0.7850318574854798,1.1312313231165754,1.041314755399074,1.0452023777340012,1.331771378885184,0.9776539893073126,1.0577117132315985,0.8119551343974099,1.1689987851712484,0.6013604600337665,0.9401580767387174,0.8185373733620722,0.8157220646933179,0.9756953432837248
r_normal_flip_h,1.07526611087142,0.9027770081514653,0.6380196608153474,0.9446525278272528,1.5932252167494598,1.3246137199533328,0.9249856101074805,1.7393836085708532,1.0358830985998293,1.3042399286497433,0.8504010538098533,0.9850365070541383,0.37735076197554074,0.3403753947609773,0.0,0.3413580257941802,0.28417562687717834,0.7893810185437191,1.4848673941264925,1.4950725886872513,1.4991823324557485,1.3478950745204463,1.7021927280135645,1.21941283338416,1.1589934045340233,1.5389251331057652,1.5155084540537531,0.6375637113479395,0.9061731351352487,0.6688291520616132,0.9736981177490239,0.48947008398290165,1.267624001164946,1.16305375449361,1.22095729251391,1.2099222095106066,1.2089822810822721,0.7838583489349886,0.6125570515812526,0.5831405779795944,0.9845405743004287,0.9074342578744915
r_normal_flip_v,1.0390594902537005,1.091122482723247,1.0079820941142636,1.1900970306500762,1.468570028897867,1.309319355480352,1.3941632698029387,1.0162905482949136,1.107660755155915,0.8192701608172757,0.9987279435919192,0.9595492140059321,0.4272603392795843,0.33352864949933475,0.3413580257941802,0.0,0.364062270876711,1.487914665671944,1.2270833376875303,1.3087092370913453,0.9552548234663804,1.200790162820057,1.2353551009116217,1.2641703543005645,1.2112968192802245,0.6643182500471687,1.0759479358181725,0.6901631164017513,0.9598515057507406,0.7223237397492731,0.9739660220986499,0.7033411392694218,0.9619553324838995,0.7924874193592997,0.8307355971420661,0.9626307026058616,0.8206596076342005,0.5499619360544843,1.194105581526509,0.9885837214395865,1.299751230592163,0.6071606394499109
r_normal_rot90,0.5702798658120964,1.390011702653759,0.8485813598256303,0.9962281303768977,1.2179508594443789,1.5618024190230921,1.2025284864036547,1.071597394284221,1.028227975599023,1.2781982265016731,1.5336386566363251,1.176571323432788,0.32934450136595095,0.2786504731941359,0.28417562687717834,0.364062270876711,0.0,1.5553967490369278,0.8345604680295011,1.2075095179849435,1.321927873735027,1.2491593349266035,1.2584222564614853,1.1468358695092553,1.0817541160950297,0.89965149547425,0.7263850626380979,1.2873571686783751,0.8525949257194783,1.171278817530534,1.0818261486333984,0.6045145257911789,1.1799202904186123,0.9820718488592112,1.0867242550285634,0.9730551975446575,1.0926805167713778,1.477429300374915,1.2193386773216608,0.7791937403148596,1.031760586587447,0.9451464878167837
a_normal,0.7555564881979959,0.5907370632540965,1.1740294847918384,0.898175337815283,1.165493841176967,1.0832479587677828,0.8087244154198313,1.2451015123140035,1.169705648402242,1.1261239298891141,1.1573418917009828,0.8773297301051276,1.111044182257229,1.288572474977332,0.7893810185437191,1.487914665671944,1.5553967490369278,0.0,0.6046292185930277,0.3920601489967471,0.2695869876281826,0.6390571719787768,0.8236146589642035,1.1129131309113016,0.5137974366490607,1.4526524427313372,0.8371888307104258,0.8242460819713249,0.9612940314513193,1.077294598215517,1.314253489998963,0.8852631462771646,0.8384157020509487,1.012719631849639,1.0745399506107833,1.0089975832883082,1.066504463429457,1.3444588030711215,1.433378824134572,1.444006410111944,1.3034423882753365,1.172847052479844
a_large,0.9003170049236017,1.3247970888188438,1.1886705282933425,1.2890113293703012,1.354848943298723,0.9340937056311134,0.9129751756279925,1.3259281922467376,1.429509369036496,0.9820224201271921,0.9383558792030854,1.0345998595829693,1.3430014786841118,1.4223838119281034,1.4848673941264925,1.2270833376875303,0.8345604680295011,0.6046292185930277,0.0,0.30929311810794174,0.38707857705060494,0.2664633457199738,0.8866252225968573,0.583997861849666,0.8223832991098271,0.7733966541169033,0.8850349751202049,1.1660325073386713,0.9562033987776436,0.9154556694225645,1.3467896018684213,1.0159911005873186,0.9943591253287776,1.1407997780341401,0.7954959270224363,0.942725069112702,1.5806221532919151,1.1934241886371595,1.297284382837479,1.2067993065468843,0.9072269432119076,1.3877273503385297
a_normal_flip_h,0.947307066290275,1.3396401023775169,1.2812154918840628,1.106332009268364,1.071362453288494,1.0784768397035067,1.04606014011014,1.1015064594556803,0.8184575560995475,0.873568060197303,1.347662860884707,0.7816927702356249,1.3447019340190054,1.4360591577964155,1.4950725886872513,1.3087092370913453,1.2075095179849435,0.3920601489967471,0.30929311810794174,0.0,0.2694154615186659,0.2900571392852362,0.5426441935291191,0.8863996990963796,0.7986009778726586,0.6842562498942366,0.5657701020009,0.9027991646321903,0.853694383197135,0.8168237450107366,1.1580578436432736,1.059904450402452,1.0843479848244897,1.2804929235176323,1.5692253634808306,1.1796255164314664,0.8573100125248491,1.3032529981257734,1.2793771370854516,1.1895631561109983,1.5285733005287783,1.1861989023284163
a_normal_flip_v,0.8175398688629386,1.153288916090256,1.140938547184802,1.204904945921336,1.0303819415286806,1.0238023079643328,1.1133435529088087,0.8226960675936867,1.011487830291167,1.2881975187227703,1.1848503404842725,1.0030411172957079,0.9369100622306928,1.1222218149708187,1.4991823324557485,0.9552548234663804,1.321927873735027,0.2695869876281826,0.38707857705060494,0.2694154615186659,0.0,0.31248515725640985,1.071390395764265,0.9371940760227413,0.5663620322747138,0.591558860416026,1.15041962134708,0.8782434244285984,0.6463722602479552,0.7407717530665462,1.2593602580103331,0.932094641846716,1.1953830649958224,1.3328175134579212,1.3374903493533514,1.3337554969851002,0.822827572646525,1.2106749577112392,1.3664131130834296,0.7595039592363042,1.4111601973147945,1.0099985671071587
a_normal_rot90,1.0096113899309165,1.3999088170311365,1.055293509088935,1.2130063789697352,0.9967611945812145,0.8584010407022399,0.6920566339552299,0.8536313117115285,1.300978731773454,1.0069491899286467,0.9984848413908411,0.8660338511902116,1.3175319181744294,1.3312169034219106,1.3478950745204463,1.200790162820057,1.2491593349266035,0.6390571719787768,0.2664633457199738,0.2900571392852362,0.31248515725640985,0.0,0.9240400265977922,0.7040154390802007,0.7674717095377529,0.8617003311963307,1.1943350843252736,1.2079163934666537,0.8196072813092119,1.0177184518721718,1.3943075679273749,0.9496501593134885,1.3073101187516067,0.884516192699059,1.1997524073730403,0.9003810204226093,0.8266120440644301,1.0852496098736808,1.0522281065637287,1.0203822583409536,1.1626827918398286,1.0704130952778477
e_normal,1.1422747223061864,1.156014951632176,1.1983984034083166,1.1185582062337884,1.1617892498260647,1.108970591347918,0.9152089490368345,0.8880503906974959,1.3529133453391444,0.939831374843862,1.1023624652283117,1.235089445726719,1.0977016933634614,1.283984463963771,1.7021927280135645,1.2353551009116217,1.2584222564614853,0.8236146589642035,0.8866252225968573,0.5426441935291191,1.071390395764265,0.9240400265977922,0.0,0.35928540610343057,0.40673989551235135,0.3877367650711149,0.2978759541474481,0.7598906846631015,1.3878963793437136,0.9078549952651327,1.2234552224747979,1.0748733589872452,0.7610750807024573,1.2062134509137579,0.9183314977678481,0.8971648628801229,1.014050487847288,1.332190936647578,1.136505265984812,1.2180048795254454,1.4160336169463599,1.1859994270504284
e_large,0.9059954923115421,1.0480168135345538,1.2089494657441642,1.2729825732773938,1.2058297765628778,0.833455029677915,0.892575674824605,1.1208949337519196,1.1760333534630192,1.0714639297196735,1.2962295016845582,1.138537916551293,1.1968301124124194,1.3107800852796323,1.21941283338416,1.2641703543005645,1.1468358695092553,1.1129131309113016,0.583997861849666,0.8863996990963796,0.9371940760227413,0.7040154390802007,0.35928540610343057,0.0,0.26009914943147694,0.26284767857038677,0.33926500782970703,0.9213157436718467,0.9979083969599909,1.3183594459001988,1.0688194596626381,0.8431763085606991,1.003307437623578,0.8022685903956389,0.8820582651039512,0.9662719254168793,1.303300895324013,1.2786095675225313,0.9792933373293917,1.5259357733076557,1.0642016662750957,1.5283928697946045
e_normal_flip_h,0.9493016472615962,0.975671701574184,0.7440148411404208,1.1751919732751537,0.9875079062725955,0.9626447916456398,0.9783916383174235,1.0829620780117675,1.1504370737901028,1.3206439346505092,0.8601507439647877,1.3232566540816526,1.1216660579251296,1.3474256123651718,1.1589934045340233,1.2112968192802245,1.0817541160950297,0.5137974366490607,0.8223832991098271,0.7986009778726586,0.5663620322747138,0.7674717095377529,0.40673989551235135,0.26009914943147694,0.0,0.3536757561342074,0.3377647232656531,0.8940896677701641,0.9897198101209401,0.8942885538571006,1.2582887431869598,0.8913861141209171,1.2481632149979303,1.3743075784791028,1.252926377255429,1.1652048168144045,1.3851110677683525,1.5080833075469258,1.2510409963951596,0.9377752845220031,1.5654180559433577,1.294171666830352
e_normal_flip_v,0.8940265443735735,1.101608526387045,0.876613303433713,0.9793523336360992,0.9897144477702213,0.8064016865768131,0.8032757599892052,0.6291387381365661,0.8316109810277087,1.1137668610569758,0.7162974039879328,0.9990924178736517,1.0779494990343308,0.9013424942284014,1.5389251331057652,0.6643182500471687,0.89965149547425,1.4526524427313372,0.7733966541169033,0.6842562498942366,0.591558860416026,0.8617003311963307,0.3877367650711149,0.26284767857038677,0.3536757561342074,0.0,0.334499818665759,0.711497983266704,0.8350848740086159,0.8330615976495689,1.125395932275555,0.7370449200530025,0.9688284749636938,1.1545423585361847,1.1467436630019978,1.2096606880526821,0.9873407363366415,1.2459398034308835,1.1515005710790667,1.325367521171604,1.0682836244009848,1.133342028289873
e_normal_rot90,0.7558822757214,1.218929424216262,0.6900585771235452,1.0602756504023014,1.13855249503056,1.1716485825602747,0.7424632657268019,0.8349487005417149,1.2930389257566028,0.8066116229830378,0.806223431517373,0.8720194891127718,0.8329757306639928,1.2094702803898183,1.5155084540537531,1.0759479358181725,0.7263850626380979,0.8371888307104258,0.8850349751202049,0.5657701020009,1.15041962134708,1.1943350843252736,0.2978759541474481,0.33926500782970703,0.3377647232656531,0.334499818665759,0.0,0.7623749426659329,1.1785637649168297,1.239007314153678,1.0266084746993185,1.216874013761365,0.9756278227242086,1.1012833932082875,0.8729379254799432,0.7592881092962332,1.4335856720362108,1.0987013525139397,0.9727514073359633,1.3511638729866793,1.0011853188157742,1.2193387728532197
f_normal,0.9945386719867727,1.0379706002339213,1.0954005251519545,1.2795167675426813,1.5244393371052412,1.3333149264744186,0.8418505429157892,1.148156558269851,1.1977723158210605,1.09867864025655,1.1617533563467184,1.0502413753210684,0.9256319744036545,0.6458008512896627,0.6375637113479395,0.6901631164017513,1.2873571686783751,0.8242460819713249,1.1660325073386713,0.9027991646321903,0.8782434244285984,1.2079163934666537,0.7598906846631015,0.9213157436718467,0.8940896677701641,0.711497983266704,0.7623749426659329,0.0,0.2794740455542427,0.2693970778205437,0.2683683820750134,0.47167887975510203,1.0453352016575157,0.887273967242354,0.8613037018622831,1.131873839419659,1.2685601510921463,1.262759233123531,1.081298724918871,0.8792442977884989,1.0147149491966643,1.1405895307777276
f_large,0.9534018910855578,1.5143213238357265,1.2713322981534276,1.4654967713421478,1.3522585562640235,1.5690218457177016,1.167916831871708,1.338568554458813,1.239758379677828,1.482323150669801,1.2402967097108526,1.2556997574735251,0.8770973658970723,0.7850318574854798,0.9061731351352487,0.9598515057507406,0.8525949257194783,0.9612940314513193,0.9562033987776436,0.853694383197135,0.6463722602479552,0.8196072813092119,1.3878963793437136,0.9979083969599909,0.9897198101209401,0.8350848740086159,1.1785637649168297,0.2794740455542427,0.0,0.31889347398542023,0.3776324204223486,0.383007942362177,1.1024961880920363,1.0683369254241164,0.9643155692272753,0.8826131049346451,1.4847628489214244,1.4399953031272485,1.106589244452583,0.8568413988733429,1.0851047988087572,1.5587092226221868
f_normal_flip_h,0.9832725912505131,0.8364758156604042,1.0216054207117866,1.2106640703585556,1.187242127936392,1.1526934429980906,0.6939187976178809,0.8337294701876639,1.0513909383420506,1.0673797190414474,1.021563012409626,1.1026509619919476,1.0537205261529163,1.1312313231165754,0.6688291520616132,0.7223237397492731,1.171278817530534,1.077294598215517,0.9154556694225645,0.8168237450107366,0.7407717530665462,1.0177184518721718,0.9078549952651327,1.3183594459001988,0.8942885538571006,0.8330615976495689,1.239007314153678,0.2693970778205437,0.31889347398542023,0.0,0.28149989572235673,0.36591919099096565,0.8422493329016583,1.2585908414528613,1.1473057198944372,1.2476959276007469,1.175712130627054,0.9652911830496269,1.1520687363812536,0.8652072325597608,0.8078747567193262,1.1285113901345936
f_normal_flip_v,1.052609940868963,1.4626276380595422,0.6662913671495705,1.2229177279403403,1.2790330857544379,0.7194738591706269,0.9218325818350954,0.9139997498607824,1.3020716007001072,1.0714452329436035,1.0442393241502548,0.9481639022734752,0.7078702246496921,1.041314755399074,0.9736981177490239,0.9739660220986499,1.0818261486333984,1.314253489998963,1.3467896018684213,1.1580578436432736,1.2593602580103331,1.3943075679273749,1.2234552224747979,1.0688194596626381,1.2582887431869598,1.125395932275555,1.0266084746993185,0.2683683820750134,0.3776324204223486,0.28149989572235673,0.0,0.3122685245266443,1.2601697473981597,1.0081215828595689,0.9385823716010978,1.1949578270663914,1.2003834693143054,1.0471169938246545,1.0743942376963465,0.9731327059518275,1.1560131093438517,1.1660665734860953
f_normal_rot90,0.8570182326154352,1.0839033995245257,1.2184142809237999,1.0087776439585339,1.142539136785662,1.011592244826435,1.0270407454546984,1.2347744018282736,1.175917711373135,1.0577532611346092,1.027308989163644,0.8352866431665957,0.7796652877974259,1.0452023777340012,0.48947008398290165,0.7033411392694218,0.6045145257911789,0.8852631462771646,1.0159911005873186,1.059904450402452,0.932094641846716,0.9496501593134885,1.0748733589872452,0.8431763085606991,0.8913861141209171,0.7370449200530025,1.216874013761365,0.47167887975510203,0.383007942362177,0.36591919099096565,0.3122685245266443,0.0,0.830486424522646,1.0894259146921867,1.1242748816002197,0.8594176598018619,1.01977068603641,1.007192621893951,1.0359912428000257,1.2047627499278266,0.7888293753026236,0.875513883180838
h_normal,0.7609834630544716,0.7789935219276813,1.053878675937397,0.8393564285657873,0.8604700629221707,0.8624877981520535,0.639754433796712,1.160400154994662,0.9649054381555282,1.0423228257910078,1.3175018915783414,1.2828450047257465,1.0298829971059695,1.331771378885184,1.267624001164946,0.9619553324838995,1.1799202904186123,0.8384157020509487,0.9943591253287776,1.0843479848244897,1.1953830649958224,1.3073101187516067,0.7610750807024573,1.003307437623578,1.2481632149979303,0.9688284749636938,0.9756278227242086,1.0453352016575157,1.1024961880920363,0.8422493329016583,1.2601697473981597,0.830486424522646,0.0,0.28178656421168785,0.37434090783583873,0.6484757702467715,0.2706711397603905,0.7056427697523959,0.853828660213803,0.8784308458747679,0.7044970132797888,0.789127020529838
h_large,0.888005607282335,0.7774758514296993,0.9686650130252021,1.5337681118304545,1.3485772711444746,1.3593758909480715,1.179867438186156,1.2136154788671738,0.8455131318427606,1.3752363570224913,1.1218018454545964,0.9573795705043511,1.1661383264422374,0.9776539893073126,1.16305375449361,0.7924874193592997,0.9820718488592112,1.012719631849639,1.1407997780341401,1.2804929235176323,1.3328175134579212,0.884516192699059,1.2062134509137579,0.8022685903956389,1.3743075784791028,1.1545423585361847,1.1012833932082875,0.887273967242354,1.0683369254241164,1.2585908414528613,1.0081215828595689,1.0894259146921867,0.28178656421168785,0.0,0.3939644295910562,0.40734336124180814,0.25021490805552676,0.8997660625615364,1.1304292950468477,1.3201159408354597,0.9758069680320054,1.1484879051195698
h_normal_flip_h,0.9625940719932695,0.8468612036511973,0.9171229129174254,0.8048402113169897,1.112168442669353,0.7628277878770398,0.7938018132040849,0.9195032211216217,1.0035673558275333,0.8129973246469259,0.8438389392104114,1.0392333771948696,0.8727708536283931,1.0577117132315985,1.22095729251391,0.8307355971420661,1.0867242550285634,1.0745399506107833,0.7954959270224363,1.5692253634808306,1.3374903493533514,1.1997524073730403,0.9183314977678481,0.8820582651039512,1.252926377255429,1.1467436630019978,0.8729379254799432,0.8613037018622831,0.9643155692272753,1.1473057198944372,0.9385823716010978,1.1242748816002197,0.37434090783583873,0.3939644295910562,0.0,0.2503560313906483,0.5506851385669489,0.8648503096492821,1.0136933454109802,0.9572109523224863,0.850123681767282,1.115034552029619
h_normal_flip_v,0.6683788506807464,1.23870137139687,0.835111024653785,0.8217434103750092,1.012214557631521,0.9237771724984257,1.0586773150433064,1.5498741217262761,1.6255349799718213,0.8622375982880196,0.946304613757956,1.2629237269744302,1.0292284956084388,0.8119551343974099,1.2099222095106066,0.9626307026058616,0.9730551975446575,1.0089975832883082,0.942725069112702,1.1796255164314664,1.3337554969851002,0.9003810204226093,0.8971648628801229,0.9662719254168793,1.1652048168144045,1.2096606880526821,0.7592881092962332,1.131873839419659,0.8826131049346451,1.2476959276007469,1.1949578270663914,0.8594176598018619,0.6484757702467715,0.40734336124180814,0.2503560313906483,0.0,0.4553253252911735,0.8515074644741752,0.8369645895925516,0.9856599017881549,1.0267932823868646,1.1463238549314814
h_normal_rot90,1.0663633852536478,0.9359204235904366,1.0190745359632956,1.0874490300166502,1.0581823499212701,0.7630797515656784,0.9470262439344181,1.1490021557936674,0.8531721485343288,1.137821085613754,1.1983908769028897,1.1135619900199456,1.1198197736514142,1.1689987851712484,1.2089822810822721,0.8206596076342005,1.0926805167713778,1.066504463429457,1.5806221532919151,0.8573100125248491,0.822827572646525,0.8266120440644301,1.014050487847288,1.303300895324013,1.3851110677683525,0.9873407363366415,1.4335856720362108,1.2685601510921463,1.4847628489214244,1.175712130627054,1.2003834693143054,1.01977068603641,0.2706711397603905,0.25021490805552676,0.5506851385669489,0.4553253252911735,0.0,0.9433413133370507,0.7881075515107173,1.272895106811921,0.5207350728387778,0.8395057392910255
k_normal,1.298444452598637,0.8590459421501347,0.9377032715742917,1.3435489037635804,1.121223652488024,1.214573416103619,1.3344737361384476,1.4998776482687874,1.1439929101488873,1.3538094849779294,0.9842635167807466,1.1440871791972222,0.7556471346604154,0.6013604600337665,0.7838583489349886,0.5499619360544843,1.477429300374915,1.3444588030711215,1.1934241886371595,1.3032529981257734,1.2106749577112392,1.0852496098736808,1.332190936647578,1.2786095675225313,1.5080833075469258,1.2459398034308835,1.0987013525139397,1.262759233123531,1.4399953031272485,0.9652911830496269,1.0471169938246545,1.007192621893951,0.7056427697523959,0.8997660625615364,0.8648503096492821,0.8515074644741752,0.9433413133370507,0.0,0.33551571635468447,0.34221770755641223,0.2641684824511846,0.41817913936648315
k_large,1.0816588027511502,1.447524753278063,1.1537185985240104,1.0490254674855766,1.095214371739785,1.1721381231616568,1.0370901143397098,1.3991430546108843,1.3768750062363833,1.2813115767743455,0.9804392934460151,0.8591429032642436,0.8299067124596936,0.9401580767387174,0.6125570515812526,1.194105581526509,1.2193386773216608,1.433378824134572,1.297284382837479,1.2793771370854516,1.3664131130834296,1.0522281065637287,1.136505265984812,0.9792933373293917,1.2510409963951596,1.1515005710790667,0.9727514073359633,1.081298724918871,1.106589244452583,1.1520687363812536,1.0743942376963465,1.0359912428000257,0.853828660213803,1.1304292950468477,1.0136933454109802,0.8369645895925516,0.7881075515107173,0.33551571635468447,0.0,0.2640013239155663,0.29425618359721856,0.29504645161263093
k_normal_flip_h,0.9457125520913173,1.6521083381564516,1.0556653705394266,1.0246850340822875,0.9546488144469183,1.0175912645849596,1.1621382536270959,1.2426507992069287,1.6068577308558452,1.1432553439779125,1.0237428575010692,1.1135537274356835,0.702678473514844,0.8185373733620722,0.5831405779795944,0.9885837214395865,0.7791937403148596,1.444006410111944,1.2067993065468843,1.1895631561109983,0.7595039592363042,1.0203822583409536,1.2180048795254454,1.5259357733076557,0.9377752845220031,1.325367521171604,1.3511638729866793,0.8792442977884989,0.8568413988733429,0.8652072325597608,0.9731327059518275,1.2047627499278266,0.8784308458747679,1.3201159408354597,0.9572109523224863,0.9856599017881549,1.272895106811921,0.34221770755641223,0.2640013239155663,0.0,0.36437622464966946,0.3437772952777999
k_normal_flip_v,1.209593995845376,1.4301552645978868,1.302018139024436,1.15997018868848,1.1899351137450194,1.2228048183517959,1.032038781183061,1.3397342838674628,1.234892049733736,1.3525762786698892,1.1955235316661288,1.016704140127752,0.9848771607454943,0.8157220646933179,0.9845405743004287,1.299751230592163,1.031760586587447,1.3034423882753365,0.9072269432119076,1.5285733005287783,1.4111601973147945,1.1626827918398286,1.4160336169463599,1.0642016662750957,1.5654180559433577,1.0682836244009848,1.0011853188157742,1.0147149491966643,1.0851047988087572,0.8078747567193262,1.1560131093438517,0.7888293753026236,0.7044970132797888,0.9758069680320054,0.850123681767282,1.0267932823868646,0.5207350728387778,0.2641684824511846,0.29425618359721856,0.36437622464966946,0.0,0.3533080528204575
k_normal_rot90,1.0694634308836608,1.0082937564470686,0.9985789336200951,1.0677142077782542,1.466730260379164,1.4148529756950692,1.3715708192741785,0.9155348797862337,1.07438703208406,1.4199633409817622,1.1780650788450513,1.1375702504487768,0.8047852483306359,0.9756953432837248,0.9074342578744915,0.6071606394499109,0.9451464878167837,1.172847052479844,1.3877273503385297,1.1861989023284163,1.0099985671071587,1.0704130952778477,1.1859994270504284,1.5283928697946045,1.294171666830352,1.133342028289873,1.2193387728532197,1.1405895307777276,1.5587092226221868,1.1285113901345936,1.1660665734860953,0.875513883180838,0.789127020529838,1.1484879051195698,1.115034552029619,1.1463238549314814,0.8395057392910255,0.41817913936648315,0.29504645161263093,0.3437772952777999,0.3533080528204575,0.0
