,b_normal,b_large,b_normal_rot90,d_normal,d_large,d_normal_rot90,q_normal,q_large,q_normal_rot90,p_normal,p_large,p_normal_rot90,r_normal,r_large,r_normal_flip_h,r_normal_flip_v,r_normal_rot90,a_normal,a_large,a_normal_flip_h,a_normal_flip_v,a_normal_rot90,e_normal,e_large,e_normal_flip_h,e_normal_flip_v,e_normal_rot90,f_normal,f_large,f_normal_flip_h,f_normal_flip_v,f_normal_rot90,h_normal,h_large,h_normal_flip_h,h_normal_flip_v,h_normal_rot90,k_normal,k_large,k_normal_flip_h,k_normal_flip_v,k_normal_rot90
b_normal,0.0,0.34704201435096294,0.3218209980892108,0.36235047243690766,0.34321451558390564,0.267527875096739,0.3502329396706441,0.3516040748411915,0.4330573407387947,0.46248252029935194,0.3079201309404271,0.31013850545255767,1.1583851410355468,1.2190188944197373,1.2539515960730654,1.0342126861930077,1.023278311960258,1.091586352445483,0.9005451248467056,0.945905105879673,0.8601148378056127,0.9956216005096779,1.2939381984441183,1.4076889428356232,1.282799096030373,1.5032080313929568,1.2509545566116063,1.0914719212664614,1.0434671939533486,1.0072244506365593,1.190936021113663,0.9093288804198625,0.9341649300894553,1.1715091112147424,1.0629638757995155,0.6736383374464726,0.8641574707091682,0.8478800637397559,1.2881045016715906,1.3466779499070318,1.4148357171950874,1.0773732935481133
b_large,0.34704201435096294,0.0,0.29399715656372655,0.6576653820857215,0.434306397562154,0.3921186865275226,0.3099804082695659,0.40264956740076147,0.39203668569107275,0.7247619601562937,0.2883764145773275,0.5678376770416341,0.8239643699321588,1.2070543933708917,1.080698917517717,0.8053951508194622,0.8858560567493111,0.8569340304693922,0.9608686014180933,0.970271046586422,1.1330735161571186,0.9672760793109482,1.4860436853547703,1.1776467087753446,0.9156457373675743,0.8753264034605561,0.7587023288985283,1.0294701366766028,1.393020372763928,1.1275255973464169,1.154288599556113,1.1470307139060434,1.0713049814731388,1.2044500049687994,1.136817843924456,1.1392002532407317,0.9829110772208829,0.937544405493638,1.022303289941659,1.06813157710118,1.1781711527278456,0.9099442355233359
b_normal_rot90,0.3218209980892108,0.29399715656372655,0.0,0.35711373302407096,0.4007366430336239,0.38814316788691305,0.42445272313205246,0.3801216232868157,0.30407818426755606,0.47668343130117274,0.35912189165885006,0.40914987107557904,0.8251061812107591,1.0833517345552572,0.8969423369301106,0.9648594993985533,0.8877401033748035,0.8887641497750346,1.0990946999727713,1.170164048927359,1.250791808759281,0.9014414097596886,1.2681741505083393,1.1328632817977633,1.0961853132405368,0.9013707495793057,0.7593262822361286,1.1779417860461232,1.4602749065694622,1.4171260347389978,1.675553252687174,1.4226880081999842,1.1791842714931506,1.0904070911342287,1.3532597159804056,0.9278869362683426,0.832664615139744,1.012902378881048,1.1443140487442394,1.3691015848788604,1.1057676416451099,0.9480966674500442
d_normal,0.36235047243690766,0.6576653820857215,0.35711373302407096,0.0,0.3156028689076281,0.289107421883515,0.3513961477953364,0.3026510513099851,0.3255826436141781,0.3112537992859101,0.2809105146889697,0.24418705948600927,1.090933283586266,1.2456116921599534,1.2433190628815063,0.8590398286123321,0.8968764374257063,0.9942107244139423,0.8497671013089309,0.9315620132764041,0.9757577252358575,0.8363703283993145,1.192152455799229,1.1372333123865248,1.2397402586561697,1.3315936548095824,0.9493159067592312,1.3422095432552,1.0616405339683892,1.2255569778624829,1.1713072267556601,1.0850510975133292,1.380362952422963,0.9441449033121927,0.957441088642371,0.8645199107359327,0.6815728745687161,0.7796403121121435,0.8152995843548576,1.2852709537416949,1.0818919498945125,1.1141873817317791
d_large,0.34321451558390564,0.434306397562154,0.4007366430336239,0.3156028689076281,0.0,0.40571603509660414,0.35551868232611983,0.32816809263749674,0.3340550327186246,0.39461282921773294,0.46644232771695815,0.3548859465485759,1.175834202604232,1.0592605387109284,1.0279347041882367,0.690293406932156,1.0047725995806496,1.0223060014906162,0.9806622287875104,0.8029334519329637,0.9434783997916157,0.7694663434167781,1.4627845869128597,1.2549198880379522,1.0904148858101916,1.3243061470863573,1.2383354263276702,1.1238543749550807,0.9365991000188268,1.2055783830626137,1.022974086598663,0.821762575673353,1.3794590220168124,1.1188022400990325,1.1299985952433285,1.0336291335913448,0.9428124542108727,0.9807149497792811,1.0438384711719986,1.2280142126348794,1.1587185198402328,1.0929027424116153
d_normal_rot90,0.267527875096739,0.3921186865275226,0.38814316788691305,0.289107421883515,0.40571603509660414,0.0,0.3353898773577544,1.01349557614202,0.3402947030752532,0.3163155846451341,0.3706805519873326,0.3108851281954171,1.1464151001995204,1.396119577523302,0.9920178312908767,0.901181988757653,1.1354466116014923,0.9725218056198068,0.8059184736523219,0.9843420164117005,0.8663477284503639,0.9447088651590277,0.9151636729797099,1.3382131687208338,1.2702023190145602,1.4260245160757545,1.042099560466462,1.611561001063656,1.0896320267741721,1.320339368142283,1.125000973060305,1.0284315551150256,1.1226683057463465,0.8172849115778866,0.9998940362367895,1.489768113215018,0.9879916521386918,0.7394584911873001,0.9326245292331568,1.0400533848420523,1.2791004117659959,0.8119903514691469
q_normal,0.3502329396706441,0.3099804082695659,0.42445272313205246,0.3513961477953364,0.35551868232611983,0.3353898773577544,0.0,0.29243922943389555,0.27455837921225434,0.371974320380627,0.3675238944441169,0.3090857719187788,0.9025483758747499,1.1124786179939894,0.9880434955267269,1.0357858814638277,0.6003160406593675,1.198346212848063,1.0407759941365886,1.2347024297008247,1.277489983837542,1.2591718611812437,1.6774909934742712,0.9859955897541856,1.2541302861374584,0.9567560337355727,0.9996174753312184,1.2245180762446974,1.3841601375332737,1.5345650132108193,1.564812567114683,0.9539551078471314,1.0969259553022435,0.9867575683081468,1.2028167285913798,0.9564798141191654,1.0473026205925653,1.1321134096479866,1.1601072985387004,1.1768692500301887,1.113482271074324,0.9598828908898719
q_large,0.3516040748411915,0.40264956740076147,0.3801216232868157,0.3026510513099851,0.32816809263749674,1.01349557614202,0.29243922943389555,0.0,0.4418721338311711,0.5267595463837721,0.5744643446854304,1.3604525379749584,1.1271158869991158,0.9687478166162748,0.9852515560837937,0.914665515010137,0.7364314290715527,1.6433625372140053,1.0731354471027887,1.1266297413149546,1.0247260421805797,1.2549931177271179,0.8480169669710907,0.893030373075178,0.9670781814853271,1.1104525702182735,1.1051810606889743,0.8461498342182713,0.9892855423007478,1.1988773903690815,0.9234322829262309,1.0892620717266195,0.9915845409200561,1.032353893617832,1.1871536357201153,0.9091176453275842,1.0075582970566361,1.3955321435132653,1.1560132225298538,1.3221118337334037,1.3181621929604297,1.2476904679721423
q_normal_rot90,0.4330573407387947,0.39203668569107275,0.30407818426755606,0.3255826436141781,0.3340550327186246,0.3402947030752532,0.27455837921225434,0.4418721338311711,0.0,0.3205949170047106,0.3178087347429368,0.30307861284898785,1.3162583589535963,0.8406071178068586,0.9279475605586456,1.084828728348842,1.3887815554523946,0.8584409607196852,1.0876392045999221,1.131239715345916,0.9744488763441006,1.246783216267419,0.7841139954487004,0.8535863555733929,0.9681712420778107,1.265831795991994,1.2974026216577854,0.9893406951270184,1.007809865012091,1.2752715114580486,1.1778745959863595,0.9220234461198178,1.366374521934574,0.8077845603062516,1.5292424837921619,0.8881854480048039,1.2527608889893773,1.0441267087681836,1.0784533662587885,1.2263464888974422,0.8892084776252741,0.9310444546957459
p_normal,0.46248252029935194,0.7247619601562937,0.47668343130117274,0.3112537992859101,0.39461282921773294,0.3163155846451341,0.371974320380627,0.5267595463837721,0.3205949170047106,0.0,0.3387945668944915,0.3439659075210955,0.8839072880443022,1.028692762938834,1.2341080171860108,1.0535822975150586,1.1661954943224453,1.2671759982379909,1.0696583080217352,1.276166131705497,0.9421873949717774,1.0275104059026916,0.7543426676789619,1.0849118860129432,1.1662485520578656,1.3065802369509858,0.7613357770621493,0.6873738317365735,0.9013560722434473,1.2643356078044887,0.9156878842764863,0.9943343833134903,0.9239127244767871,0.9993360080207404,1.0043010997098782,1.1505759605597006,0.827112564063572,0.9306670558051824,0.9500579768030915,1.2051066472700154,0.9132446159486838,0.9330759247075842
p_large,0.3079201309404271,0.2883764145773275,0.35912189165885006,0.2809105146889697,0.46644232771695815,0.3706805519873326,0.3675238944441169,0.5744643446854304,0.3178087347429368,0.3387945668944915,0.0,0.281791387296443,0.9366256662081227,1.2026021574107277,1.0472675594732364,0.7578420469397168,0.9267129436001194,1.0207354690524908,1.091735735929321,1.0837364327765941,1.190135724119839,1.091233535065554,0.748388521784236,1.0427196294765653,1.0840523440335998,0.7092216720907816,0.5162148237061137,1.198457478801955,1.2847397482109042,1.2797183412448612,1.3525102580493515,0.9527641350978953,0.6171661067631766,0.8926990599136186,0.8380725524931728,0.7808565884487658,0.6437289808690924,0.6978171831328286,0.9190279321331036,1.1995345459444684,1.0324253231112126,1.1791742170069037
p_normal_rot90,0.31013850545255767,0.5678376770416341,0.40914987107557904,0.24418705948600927,0.3548859465485759,0.3108851281954171,0.3090857719187788,1.3604525379749584,0.30307861284898785,0.3439659075210955,0.281791387296443,0.0,1.0400355304612263,0.6925657110979087,1.439655089342598,0.6251000691545743,1.1598619206623404,1.2102629069187087,1.3934814324684195,1.3906515938584856,1.0566804285457052,1.28177868940804,0.9488087854768215,1.0072329818766272,0.9687897657976039,1.259672993926285,0.9773053193009801,1.0547451453964312,1.1155704712669559,1.185567831914855,1.1327617799439609,0.9834717414721953,1.031034061376208,1.1092916850017895,1.1975117793818597,1.08004316006557,0.8423753605852894,0.8451432968182747,1.032072733456638,1.0276914874431118,1.045945307233634,1.0920310469970071
r_normal,1.1583851410355468,0.8239643699321588,0.8251061812107591,1.090933283586266,1.175834202604232,1.1464151001995204,0.9025483758747499,1.1271158869991158,1.3162583589535963,0.8839072880443022,0.9366256662081227,1.0400355304612263,0.0,0.27160153784688856,0.28533864414611815,0.4214519317010653,0.2518531692374256,0.8428790142347745,1.0954946143962048,1.3771513094407648,1.3097348567509919,1.1564441775563108,0.7257139702627697,0.9493890236729747,1.1926559599645947,0.9663809265155567,0.8890025504801308,0.699007315183289,0.8288389796373417,0.9492053976530452,0.763253184694161,1.0524737374188908,0.6151860034779212,0.7192109930991124,0.9175444362271635,0.7283403381187428,0.8762978851518834,0.9459870165156365,1.2705821214376858,1.1372947648661096,0.8473729174812117,1.2271759227193932
r_large,1.2190188944197373,1.2070543933708917,1.0833517345552572,1.2456116921599534,1.0592605387109284,1.396119577523302,1.1124786179939894,0.9687478166162748,0.8406071178068586,1.028692762938834,1.2026021574107277,0.6925657110979087,0.27160153784688856,0.0,0.2824887034416719,0.33229351432476717,0.28758558405530604,0.9117012100476585,1.1327545774415677,0.8320409331099502,1.567068191585215,1.0502394769641827,1.2053770814119373,1.1730456449894717,1.0846495985960962,0.966910784027068,0.9255234008593408,0.6715721755840098,0.9970665245946706,0.9163683472092988,1.5558880965283517,1.1280708829746304,0.8357501358051399,1.1809172015859524,1.236272275637955,0.9371436049461657,0.7848149225915834,0.8045039302056385,1.0115927724838263,1.3636062740755213,0.8391460262260978,1.416333516635678
r_normal_flip_h,1.2539515960730654,1.080698917517717,0.8969423369301106,1.2433190628815063,1.0279347041882367,0.9920178312908767,0.9880434955267269,0.9852515560837937,0.9279475605586456,1.2341080171860108,1.0472675594732364,1.439655089342598,0.28533864414611815,0.2824887034416719,0.0,0.23013813539279404,0.241901710827601,1.1131695583734966,1.054918012465976,1.1560824216663914,1.1807769606643905,0.8781274237154719,0.9006504741344002,0.6312203012694158,1.1303184179303805,1.1033968240640868,1.2732545262900563,1.1667321459018882,1.1414397300484125,0.9781359865903172,1.2215348515571935,1.108202261101035,0.8912317163027459,0.9592450376696744,1.005211136159429,1.039169496876118,0.9521961090395776,0.8833095208619398,1.182882510112048,1.0870385743722104,0.9846624552545435,1.0345137242240503
r_normal_flip_v,1.0342126861930077,0.8053951508194622,0.9648594993985533,0.8590398286123321,0.690293406932156,0.901181988757653,1.0357858814638277,0.914665515010137,1.084828728348842,1.0535822975150586,0.7578420469397168,0.6251000691545743,0.4214519317010653,0.33229351432476717,0.23013813539279404,0.0,0.24178054371659555,1.0790114079118391,1.1817613984059754,1.3491982374719074,1.2736724341643055,0.9399284237971868,0.9680470965217041,1.2087574971242343,0.868676213056847,0.5925225996500734,0.7275791814947086,0.8750263267012914,0.9475043865977786,0.952141673851183,1.0150396925829162,1.1149680012733305,0.6972861858741024,0.8421520745977018,1.1304969264339935,0.6912255811541033,0.7739391702017666,0.9177828905506307,1.163655081324693,1.2330048164761163,0.9579268798421752,1.1415185083508237
r_normal_rot90,1.023278311960258,0.8858560567493111,0.8877401033748035,0.8968764374257063,1.0047725995806496,1.1354466116014923,0.6003160406593675,0.7364314290715527,1.3887815554523946,1.1661954943224453,0.9267129436001194,1.1598619206623404,0.2518531692374256,0.28758558405530604,0.241901710827601,0.24178054371659555,0.0,1.096403472930477,1.0487803485052665,1.1674121832832498,1.1886294779657758,1.267344707906978,0.9104066604462353,1.2731100052866913,1.4697255106536344,1.272405509521563,0.9372314497009283,0.8439620466006287,1.1067108777127823,0.9063155341648945,0.834993081068503,1.0141716186490948,0.677573042722295,0.903408192875996,1.0155937112864264,1.0624440181112202,1.1645355911547508,0.8675787816993505,1.1720516501023566,1.1352437336130685,0.852359375296042,1.01835425062689
a_normal,1.091586352445483,0.8569340304693922,0.8887641497750346,0.9942107244139423,1.0223060014906162,0.9725218056198068,1.198346212848063,1.6433625372140053,0.8584409607196852,1.2671759982379909,1.0207354690524908,1.2102629069187087,0.8428790142347745,0.9117012100476585,1.1131695583734966,1.0790114079118391,1.096403472930477,0.0,0.2716411517408144,0.25760224205563986,0.26898293922254257,0.2639590568019472,0.8789368346438344,1.2660138645044732,1.049084185647783,0.7774883940796893,0.7576185131199321,0.9217244416783024,1.2409349070989804,1.0649565181107399,1.1090833233250428,1.3918438963088502,1.104237973287828,1.0384215067292561,1.5169511931969983,1.1078843346301723,1.2311870480559914,1.1626788852171255,1.0959842965556688,1.6492829377116789,1.1456928032315374,0.7811329564224364
a_large,0.9005451248467056,0.9608686014180933,1.0990946999727713,0.8497671013089309,0.9806622287875104,0.8059184736523219,1.0407759941365886,1.0731354471027887,1.0876392045999221,1.0696583080217352,1.091735735929321,1.3934814324684195,1.0954946143962048,1.1327545774415677,1.054918012465976,1.1817613984059754,1.0487803485052665,0.2716411517408144,0.0,0.2292720490828571,0.28926536085516147,0.2643703195170858,1.692404582253833,1.3228634982967333,0.8815110561673425,0.8600809804058219,0.7930772247115602,0.9224812271046195,1.2349983647463698,1.016191068821943,1.3174802994559636,1.228086933968637,1.073741562373769,1.0444024473267832,1.3300946787877468,0.7951891843164572,1.0547454213243446,1.1538380968910595,1.04094760202302,1.014244315419684,0.9745868362600562,0.9981456484601321
a_normal_flip_h,0.945905105879673,0.970271046586422,1.170164048927359,0.9315620132764041,0.8029334519329637,0.9843420164117005,1.2347024297008247,1.1266297413149546,1.131239715345916,1.276166131705497,1.0837364327765941,1.3906515938584856,1.3771513094407648,0.8320409331099502,1.1560824216663914,1.3491982374719074,1.1674121832832498,0.25760224205563986,0.2292720490828571,0.0,0.2689024925482397,0.2544413237871227,1.5855001983275323,1.310589601187017,1.3623417868821637,1.0360590780225822,1.512087788014608,1.1398091062807283,1.199027646013745,1.119126900224265,1.1103720746589796,1.0924545765030553,1.0883375171032283,0.9425002462799662,1.5062615962502617,1.147958530240058,1.0783434709267017,0.8595289867419598,0.7837763802153513,0.77740030922504,1.133447118482636,0.990316809729711
a_normal_flip_v,0.8601148378056127,1.1330735161571186,1.250791808759281,0.9757577252358575,0.9434783997916157,0.8663477284503639,1.277489983837542,1.0247260421805797,0.9744488763441006,0.9421873949717774,1.190135724119839,1.0566804285457052,1.3097348567509919,1.567068191585215,1.1807769606643905,1.2736724341643055,1.1886294779657758,0.26898293922254257,0.28926536085516147,0.2689024925482397,0.0,0.26317424708447357,1.2465697862435792,1.1182714658632709,1.2252572731354001,1.3016876162924351,1.6711212122525598,1.0092610971402083,1.1273082305016056,1.1552824492682086,0.8510237005963106,0.9823010751279817,0.7432548304488995,1.277704499063818,1.0383100269541674,1.1422689417419467,1.5858764141174042,1.0026547242062032,0.9329533878264686,1.0288878924122404,1.1379095284992577,0.9785211638826433
a_normal_rot90,0.9956216005096779,0.9672760793109482,0.9014414097596886,0.8363703283993145,0.7694663434167781,0.9447088651590277,1.2591718611812437,1.2549931177271179,1.246783216267419,1.0275104059026916,1.091233535065554,1.28177868940804,1.1564441775563108,1.0502394769641827,0.8781274237154719,0.9399284237971868,1.267344707906978,0.2639590568019472,0.2643703195170858,0.2544413237871227,0.26317424708447357,0.0,1.1633530469085664,1.4424327810322544,0.9957653765996772,1.3366632062133068,1.3499932365681906,0.9504562622934946,1.158217950740437,1.055429809801624,1.1269542031321447,0.9750047031322631,0.788599900024441,0.9005125221505953,1.649531729491816,0.892125346081557,1.104890210577765,1.096071900794917,1.0544171031182967,0.8296233300667181,0.9168743229608415,1.179832832944832
e_normal,1.2939381984441183,1.4860436853547703,1.2681741505083393,1.192152455799229,1.4627845869128597,0.9151636729797099,1.6774909934742712,0.8480169669710907,0.7841139954487004,0.7543426676789619,0.748388521784236,0.9488087854768215,0.7257139702627697,1.2053770814119373,0.9006504741344002,0.9680470965217041,0.9104066604462353,0.8789368346438344,1.692404582253833,1.5855001983275323,1.2465697862435792,1.1633530469085664,0.0,0.2472409072541519,0.23837235230645945,0.2978895780006764,0.2527305489283027,1.0452829872308274,0.9303935330012294,0.9658037560151826,1.0574524536673915,0.9962913056628852,0.9282613606119368,0.8186868054224974,0.7649026852062167,0.9754324834425226,1.0042674525258353,1.085220573162197,1.2177689950054627,0.9874486270925433,1.0857883736011944,1.007446302593096
e_large,1.4076889428356232,1.1776467087753446,1.1328632817977633,1.1372333123865248,1.2549198880379522,1.3382131687208338,0.9859955897541856,0.893030373075178,0.8535863555733929,1.0849118860129432,1.0427196294765653,1.0072329818766272,0.9493890236729747,1.1730456449894717,0.6312203012694158,1.2087574971242343,1.2731100052866913,1.2660138645044732,1.3228634982967333,1.310589601187017,1.1182714658632709,1.4424327810322544,0.2472409072541519,0.0,0.3901726689513049,0.31308450314152186,0.2933452637326031,1.1359038399468921,1.147345458197917,1.109249383328799,1.3335227646919783,0.9203521775774677,1.0395232024880696,0.9887566710527658,1.668854783909621,0.8682314098465157,0.9981410406453289,1.3053357310006486,1.0204898486671592,1.3510448667356865,1.1101020467243878,0.8814233075478982
e_normal_flip_h,1.282799096030373,0.9156457373675743,1.0961853132405368,1.2397402586561697,1.0904148858101916,1.2702023190145602,1.2541302861374584,0.9670781814853271,0.9681712420778107,1.1662485520578656,1.0840523440335998,0.9687897657976039,1.1926559599645947,1.0846495985960962,1.1303184179303805,0.868676213056847,1.4697255106536344,1.049084185647783,0.8815110561673425,1.3623417868821637,1.2252572731354001,0.9957653765996772,0.23837235230645945,0.3901726689513049,0.0,0.24956084333302883,0.2687663240184583,1.1469034008696666,0.7457571319273683,0.9900763034963229,1.1690122626610242,0.953711635349288,1.1359855073168241,1.095516582403344,0.7944236627335122,0.9547646703079271,0.7161532496170182,0.9426839905258385,0.9030494173005706,1.0005660272741734,0.8497995302712176,1.3331467252503848
e_normal_flip_v,1.5032080313929568,0.8753264034605561,0.9013707495793057,1.3315936548095824,1.3243061470863573,1.4260245160757545,0.9567560337355727,1.1104525702182735,1.265831795991994,1.3065802369509858,0.7092216720907816,1.259672993926285,0.9663809265155567,0.966910784027068,1.1033968240640868,0.5925225996500734,1.272405509521563,0.7774883940796893,0.8600809804058219,1.0360590780225822,1.3016876162924351,1.3366632062133068,0.2978895780006764,0.31308450314152186,0.24956084333302883,0.0,0.24803496156825083,1.1657112678823682,0.9440478571793394,0.9338890617310129,1.1474973387498297,0.969041175762154,0.8911527628393449,1.2208339077560972,0.9116392567973812,0.8719408393179298,0.9787578748918966,0.8594863056672774,0.8279685974569239,0.9718757023735796,0.8151549682959631,1.1871912579274673
e_normal_rot90,1.2509545566116063,0.7587023288985283,0.7593262822361286,0.9493159067592312,1.2383354263276702,1.042099560466462,0.9996174753312184,1.1051810606889743,1.2974026216577854,0.7613357770621493,0.5162148237061137,0.9773053193009801,0.8890025504801308,0.9255234008593408,1.2732545262900563,0.7275791814947086,0.9372314497009283,0.7576185131199321,0.7930772247115602,1.512087788014608,1.6711212122525598,1.3499932365681906,0.2527305489283027,0.2933452637326031,0.2687663240184583,0.24803496156825083,0.0,1.401799305760463,1.2678246071241086,1.2514742012573277,1.2096010698692987,1.0169755399205629,0.801682754432598,1.6604810756435202,1.0818443465425507,1.1752222335468645,0.9441473048132345,1.1914385340713365,1.0527017139581116,1.2096410031984133,0.8914736552672655,1.1085831771570334
f_normal,1.0914719212664614,1.0294701366766028,1.1779417860461232,1.3422095432552,1.1238543749550807,1.611561001063656,1.2245180762446974,0.8461498342182713,0.9893406951270184,0.6873738317365735,1.198457478801955,1.0547451453964312,0.699007315183289,0.6715721755840098,1.1667321459018882,0.8750263267012914,0.8439620466006287,0.9217244416783024,0.9224812271046195,1.1398091062807283,1.0092610971402083,0.9504562622934946,1.0452829872308274,1.1359038399468921,1.1469034008696666,1.1657112678823682,1.401799305760463,0.0,0.3221803284217887,0.27140051799681725,0.24478281545255026,0.2626821798078905,1.2810283077213693,1.137256894091527,1.1294741607102063,0.9765784731390427,1.2695795683390143,1.0581701907189511,1.2219302895193986,1.021276186902373,1.5413401364985544,1.6804614771269897
f_large,1.0434671939533486,1.393020372763928,1.4602749065694622,1.0616405339683892,0.9365991000188268,1.0896320267741721,1.3841601375332737,0.9892855423007478,1.007809865012091,0.9013560722434473,1.2847397482109042,1.1155704712669559,0.8288389796373417,0.9970665245946706,1.1414397300484125,0.9475043865977786,1.1067108777127823,1.2409349070989804,1.2349983647463698,1.199027646013745,1.1273082305016056,1.158217950740437,0.9303935330012294,1.147345458197917,0.7457571319273683,0.9440478571793394,1.2678246071241086,0.3221803284217887,0.0,0.2765983344427666,0.3030241847171335,0.27755107895141284,1.179395905852155,0.6489164432162592,1.0378495498135178,0.9889410908538755,0.9044588238146086,1.0680220715419113,0.7733053621636374,0.9465770299758172,1.0015982305421904,1.1379294453023714
f_normal_flip_h,1.0072244506365593,1.1275255973464169,1.4171260347389978,1.2255569778624829,1.2055783830626137,1.320339368142283,1.5345650132108193,1.1988773903690815,1.2752715114580486,1.2643356078044887,1.2797183412448612,1.185567831914855,0.9492053976530452,0.9163683472092988,0.9781359865903172,0.952141673851183,0.9063155341648945,1.0649565181107399,1.016191068821943,1.119126900224265,1.1552824492682086,1.055429809801624,0.9658037560151826,1.109249383328799,0.9900763034963229,0.9338890617310129,1.2514742012573277,0.27140051799681725,0.2765983344427666,0.0,0.30460057627571857,0.2881331180652445,1.0304061561900908,1.147130664840172,1.4443784302730656,1.1047575746719116,0.7448111476117601,1.0473810222024733,0.9842630689450068,0.9364762266885144,0.9519482728942149,1.1054146996970915
f_normal_flip_v,1.190936021113663,1.154288599556113,1.675553252687174,1.1713072267556601,1.022974086598663,1.125000973060305,1.564812567114683,0.9234322829262309,1.1778745959863595,0.9156878842764863,1.3525102580493515,1.1327617799439609,0.763253184694161,1.5558880965283517,1.2215348515571935,1.0150396925829162,0.834993081068503,1.1090833233250428,1.3174802994559636,1.1103720746589796,0.8510237005963106,1.1269542031321447,1.0574524536673915,1.3335227646919783,1.1690122626610242,1.1474973387498297,1.2096010698692987,0.24478281545255026,0.3030241847171335,0.30460057627571857,0.0,0.4901183551500997,1.1040360108297924,0.8361400972458629,1.0314087228018094,1.0737961530195264,0.9828602409882392,0.9435686866751094,0.8837885684322124,1.0653794210551013,1.019626282115047,1.0580823834505064
f_normal_rot90,0.9093288804198625,1.1470307139060434,1.4226880081999842,1.0850510975133292,0.821762575673353,1.0284315551150256,0.9539551078471314,1.0892620717266195,0.9220234461198178,0.9943343833134903,0.9527641350978953,0.9834717414721953,1.0524737374188908,1.1280708829746304,1.108202261101035,1.1149680012733305,1.0141716186490948,1.3918438963088502,1.228086933968637,1.0924545765030553,0.9823010751279817,0.9750047031322631,0.9962913056628852,0.9203521775774677,0.953711635349288,0.969041175762154,1.0169755399205629,0.2626821798078905,0.27755107895141284,0.2881331180652445,0.4901183551500997,0.0,1.2034364589043427,0.7292205929635305,1.4148254303554044,0.9157370565852706,0.9975485667741684,1.0394271271116506,1.147733976369165,0.9249228349611132,0.9903397125989339,1.211918415284787
h_normal,0.9341649300894553,1.0713049814731388,1.1791842714931506,1.380362952422963,1.3794590220168124,1.1226683057463465,1.0969259553022435,0.9915845409200561,1.366374521934574,0.9239127244767871,0.6171661067631766,1.031034061376208,0.6151860034779212,0.8357501358051399,0.8912317163027459,0.6972861858741024,0.677573042722295,1.104237973287828,1.073741562373769,1.0883375171032283,0.7432548304488995,0.788599900024441,0.9282613606119368,1.0395232024880696,1.1359855073168241,0.8911527628393449,0.801682754432598,1.2810283077213693,1.179395905852155,1.0304061561900908,1.1040360108297924,1.2034364589043427,0.0,0.2985781020854454,0.5139870335458616,0.2586530958910313,0.2763487928111896,1.0266530599271733,0.9977040575566434,1.2778220451837403,0.908351356631404,1.3290325834234287
h_large,1.1715091112147424,1.2044500049687994,1.0904070911342287,0.9441449033121927,1.1188022400990325,0.8172849115778866,0.9867575683081468,1.032353893617832,0.8077845603062516,0.9993360080207404,0.8926990599136186,1.1092916850017895,0.7192109930991124,1.1809172015859524,0.9592450376696744,0.8421520745977018,0.903408192875996,1.0384215067292561,1.0444024473267832,0.9425002462799662,1.277704499063818,0.9005125221505953,0.8186868054224974,0.9887566710527658,1.095516582403344,1.2208339077560972,1.6604810756435202,1.137256894091527,0.6489164432162592,1.147130664840172,0.8361400972458629,0.7292205929635305,0.2985781020854454,0.0,0.27744711379908893,0.2592426385758789,0.2532705941735116,1.0023278788509484,0.8086088391343305,1.0244587430910337,1.0227004323938433,1.0475162914170124
h_normal_flip_h,1.0629638757995155,1.136817843924456,1.3532597159804056,0.957441088642371,1.1299985952433285,0.9998940362367895,1.2028167285913798,1.1871536357201153,1.5292424837921619,1.0043010997098782,0.8380725524931728,1.1975117793818597,0.9175444362271635,1.236272275637955,1.005211136159429,1.1304969264339935,1.0155937112864264,1.5169511931969983,1.3300946787877468,1.5062615962502617,1.0383100269541674,1.649531729491816,0.7649026852062167,1.668854783909621,0.7944236627335122,0.9116392567973812,1.0818443465425507,1.1294741607102063,1.0378495498135178,1.4443784302730656,1.0314087228018094,1.4148254303554044,0.5139870335458616,0.27744711379908893,0.0,0.3087418909842743,0.5665981539459408,0.915131499936349,1.0581692564809195,1.0027421549080506,0.9319594571049804,1.0736873331403984
h_normal_flip_v,0.6736383374464726,1.1392002532407317,0.9278869362683426,0.8645199107359327,1.0336291335913448,1.489768113215018,0.9564798141191654,0.9091176453275842,0.8881854480048039,1.1505759605597006,0.7808565884487658,1.08004316006557,0.7283403381187428,0.9371436049461657,1.039169496876118,0.6912255811541033,1.0624440181112202,1.1078843346301723,0.7951891843164572,1.147958530240058,1.1422689417419467,0.892125346081557,0.9754324834425226,0.8682314098465157,0.9547646703079271,0.8719408393179298,1.1752222335468645,0.9765784731390427,0.9889410908538755,1.1047575746719116,1.0737961530195264,0.9157370565852706,0.2586530958910313,0.2592426385758789,0.3087418909842743,0.0,0.30351809765639964,1.2515112088059515,1.3517728067631718,1.3532923082496497,1.3798407354823017,1.3265787857599143
h_normal_rot90,0.8641574707091682,0.9829110772208829,0.832664615139744,0.6815728745687161,0.9428124542108727,0.9879916521386918,1.0473026205925653,1.0075582970566361,1.2527608889893773,0.827112564063572,0.6437289808690924,0.8423753605852894,0.8762978851518834,0.7848149225915834,0.9521961090395776,0.7739391702017666,1.1645355911547508,1.2311870480559914,1.0547454213243446,1.0783434709267017,1.5858764141174042,1.104890210577765,1.0042674525258353,0.9981410406453289,0.7161532496170182,0.9787578748918966,0.9441473048132345,1.2695795683390143,0.9044588238146086,0.7448111476117601,0.9828602409882392,0.9975485667741684,0.2763487928111896,0.2532705941735116,0.5665981539459408,0.30351809765639964,0.0,1.2976848458204455,0.8922476893558156,1.3085953904726544,1.167125593796658,1.2930057949844354
k_normal,0.8478800637397559,0.937544405493638,1.012902378881048,0.7796403121121435,0.9807149497792811,0.7394584911873001,1.1321134096479866,1.3955321435132653,1.0441267087681836,0.9306670558051824,0.6978171831328286,0.8451432968182747,0.9459870165156365,0.8045039302056385,0.8833095208619398,0.9177828905506307,0.8675787816993505,1.1626788852171255,1.1538380968910595,0.8595289867419598,1.0026547242062032,1.096071900794917,1.085220573162197,1.3053357310006486,0.9426839905258385,0.8594863056672774,1.1914385340713365,1.0581701907189511,1.0680220715419113,1.0473810222024733,0.9435686866751094,1.0394271271116506,1.0266530599271733,1.0023278788509484,0.915131499936349,1.2515112088059515,1.2976848458204455,0.0,0.23460146539929544,0.3740484070314481,0.5091220676019602,0.2916770154521413
k_large,1.2881045016715906,1.022303289941659,1.1443140487442394,0.8152995843548576,1.0438384711719986,0.9326245292331568,1.1601072985387004,1.1560132225298538,1.0784533662587885,0.9500579768030915,0.9190279321331036,1.032072733456638,1.2705821214376858,1.0115927724838263,1.182882510112048,1.163655081324693,1.1720516501023566,1.0959842965556688,1.04094760202302,0.7837763802153513,0.9329533878264686,1.0544171031182967,1.2177689950054627,1.0204898486671592,0.9030494173005706,0.8279685974569239,1.0527017139581116,1.2219302895193986,0.7733053621636374,0.9842630689450068,0.8837885684322124,1.147733976369165,0.9977040575566434,0.8086088391343305,1.0581692564809195,1.3517728067631718,0.8922476893558156,0.23460146539929544,0.0,0.4333467378015833,0.29556411032541335,0.26021445814690036
k_normal_flip_h,1.3466779499070318,1.06813157710118,1.3691015848788604,1.2852709537416949,1.2280142126348794,1.0400533848420523,1.1768692500301887,1.3221118337334037,1.2263464888974422,1.2051066472700154,1.1995345459444684,1.0276914874431118,1.1372947648661096,1.3636062740755213,1.0870385743722104,1.2330048164761163,1.1352437336130685,1.6492829377116789,1.014244315419684,0.77740030922504,1.0288878924122404,0.8296233300667181,0.9874486270925433,1.3510448667356865,1.0005660272741734,0.9718757023735796,1.2096410031984133,1.021276186902373,0.9465770299758172,0.9364762266885144,1.0653794210551013,0.9249228349611132,1.2778220451837403,1.0244587430910337,1.0027421549080506,1.3532923082496497,1.3085953904726544,0.3740484070314481,0.4333467378015833,0.0,0.43500787186540674,0.32000199563725246
k_normal_flip_v,1.4148357171950874,1.1781711527278456,1.1057676416451099,1.0818919498945125,1.1587185198402328,1.2791004117659959,1.113482271074324,1.3181621929604297,0.8892084776252741,0.9132446159486838,1.0324253231112126,1.045945307233634,0.8473729174812117,0.8391460262260978,0.9846624552545435,0.9579268798421752,0.852359375296042,1.1456928032315374,0.9745868362600562,1.133447118482636,1.1379095284992577,0.9168743229608415,1.0857883736011944,1.1101020467243878,0.8497995302712176,0.8151549682959631,0.8914736552672655,1.5413401364985544,1.0015982305421904,0.9519482728942149,1.019626282115047,0.9903397125989339,0.908351356631404,1.0227004323938433,0.9319594571049804,1.3798407354823017,1.167125593796658,0.5091220676019602,0.29556411032541335,0.43500787186540674,0.0,0.26562613994719014
k_normal_rot90,1.0773732935481133,0.9099442355233359,0.9480966674500442,1.1141873817317791,1.0929027424116153,0.8119903514691469,0.9598828908898719,1.2476904679721423,0.9310444546957459,0.9330759247075842,1.1791742170069037,1.0920310469970071,1.2271759227193932,1.416333516635678,1.0345137242240503,1.1415185083508237,1.01835425062689,0.7811329564224364,0.9981456484601321,0.990316809729711,0.9785211638826433,1.179832832944832,1.007446302593096,0.8814233075478982,1.3331467252503848,1.1871912579274673,1.1085831771570334,1.6804614771269897,1.1379294453023714,1.1054146996970915,1.0580823834505064,1.211918415284787,1.3290325834234287,1.0475162914170124,1.0736873331403984,1.3265787857599143,1.2930057949844354,0.2916770154521413,0.26021445814690036,0.32000199563725246,0.26562613994719014,0.0
