,b_normal,b_large,b_normal_rot90,d_normal,d_large,d_normal_rot90,q_normal,q_large,q_normal_rot90,p_normal,p_large,p_normal_rot90,r_normal,r_large,r_normal_flip_h,r_normal_flip_v,r_normal_rot90,a_normal,a_large,a_normal_flip_h,a_normal_flip_v,a_normal_rot90,e_normal,e_large,e_normal_flip_h,e_normal_flip_v,e_normal_rot90,f_normal,f_large,f_normal_flip_h,f_normal_flip_v,f_normal_rot90,h_normal,h_large,h_normal_flip_h,h_normal_flip_v,h_normal_rot90,k_normal,k_large,k_normal_flip_h,k_normal_flip_v,k_normal_rot90
b_normal,0.0,0.43808348934685437,0.6522482804618069,0.7661653440144016,0.3522978573703987,0.5338480162709636,0.3156661803975249,0.39625086618438826,1.3017537886263415,0.5954297747231609,0.5030013158079024,0.9893060329769916,1.0951960918694372,0.913592593494601,0.6811389361204482,0.7420748573389278,1.2316211624073539,0.8297065541971385,0.6916075376435925,0.6269956497174871,0.6942883962676042,1.0823965699573546,0.6796576260054685,0.6622786455583303,0.9487495978023683,0.8875413471459904,0.6064265951019435,0.9390732242082357,0.9814401992701454,0.6921810384187972,0.698253252964147,0.9160921884668756,0.5022877301871029,0.9007156597965187,0.9812945215267087,1.101532067178154,0.6351357934930936,0.8677566647822376,0.9353258747623835,0.6843519354032508,0.884714272777664,0.9128262750292787
b_large,0.43808348934685437,0.0,0.9434756868982217,0.3992599082675961,0.7183533399510822,0.6775518939149249,0.2571765584818606,0.43510102635424136,0.6835197593781356,0.3358923199990416,0.86406877567631,0.6222207761184047,1.0806541371133476,0.7255115673615615,0.8435035537955414,0.6012617538746315,0.8381758063203743,0.49437525812105987,1.126908313691666,1.0873972157331886,0.7802910248888932,0.6411423059563747,0.7881552579133481,1.3969063724987383,1.0540781432306046,0.9947018089733378,0.8555617895411546,0.9352462681509885,0.9832299522521456,0.6148566516492497,0.6745129824207746,0.8677836138993402,0.4140993226624382,0.3615593180490844,0.7421461915873883,0.779138365400773,0.5071985790619794,1.1788200000098126,0.7805638074848612,1.0531124842252317,1.5627903823231686,1.0304766438071868
b_normal_rot90,0.6522482804618069,0.9434756868982217,0.0,0.8017077303670048,0.6447102794833717,0.49169677380204585,0.6421496759091048,1.0194754343626227,0.3585254714322012,0.8437129513683805,0.8749628197003433,0.27349071368466527,0.7878789301855096,0.55377578914087,0.576365057503893,0.5525995879622047,0.529416142568867,1.6096061394868924,1.452778446690216,0.9083434562389134,1.5705088342814333,0.5689674261996651,1.3098703852053442,0.9729219939058702,1.0653648208509576,0.8279020017345547,1.352341144011152,0.9393847638751696,0.7779642377397097,0.7832849311084416,0.9129428473494622,0.4846399193007994,0.8474883855000729,0.603108984635668,0.5535021223226533,0.9461016392867287,0.6148943890429359,0.9196442756345937,0.6415998803582025,1.056624917308344,1.0261282666191702,0.6525663769725556
d_normal,0.7661653440144016,0.3992599082675961,0.8017077303670048,0.0,0.4788790609647244,0.7274065369534075,0.45247786396977274,0.5700617561227832,0.6803120134680088,0.2758880071318672,0.49615262756278805,0.7161621205154166,0.9359994415910387,0.5780179840890565,0.7891998748232263,0.6532648606869662,1.0945040100860743,0.6043756555276021,1.2116240680486472,0.6869350450143834,0.809704735582778,0.8327700606715505,0.7253132342621592,1.1179899095194414,0.9175103076815476,0.9370254860274579,0.6788075748466538,1.173347473653782,0.8972217977322593,1.157964638495,0.6556012386083587,1.0007739173445729,0.5270206549323754,0.5251658287694584,0.9994571688703418,1.0357418483831082,1.0252383008462864,1.251035476772777,0.6494675796881378,1.116566924135092,1.368929881736577,1.158761071689683
d_large,0.3522978573703987,0.7183533399510822,0.6447102794833717,0.4788790609647244,0.0,0.5041710916622385,0.35265733000286337,0.4145830811837322,1.3692104188300687,0.6300507276956009,0.3247475652049406,0.9871907455316434,0.8977408442174347,0.8177907794367657,1.1756507951495967,0.9795317883358194,1.1951732423318764,0.9429274462561577,0.7303795655163589,0.6326690870376326,0.7893659836948766,0.9730338685023254,0.6344862780951258,0.815661027888706,0.69666536111204,0.7034635386373468,0.5905516728296262,1.3913288192227005,1.029739917740326,0.7816026146688584,0.6731395732082948,0.7559301419164761,0.8336788296734851,1.2284714835080288,1.034928607030893,1.3103397174267117,1.0612446368197148,0.9712668056950653,1.108193974550602,0.9976180139380268,0.8423442310196372,1.296238458684622
d_normal_rot90,0.5338480162709636,0.6775518939149249,0.49169677380204585,0.7274065369534075,0.5041710916622385,0.0,0.3914484986005647,0.6279240235633355,0.2483226380481168,0.8248010552995022,0.46824388692426044,0.2657056949431435,0.8653026476070702,0.7885280796916957,0.5062758188319599,0.655588347493973,1.0207259000284272,0.9816446134904359,0.7494607436255711,0.8282617041202079,0.8234296454222187,0.729113925710544,0.7167291349592307,0.8141032399491723,0.9302709222379228,1.0432545098675539,0.8407944104274062,1.4877808558892063,0.9874172624328091,0.9676000455416146,0.5869088129983074,1.017067671176535,1.1182875599263955,0.9391991487333498,1.4219193439735012,1.428764842659611,1.176150697302751,0.898465353887344,1.564318889037647,0.978590532799668,1.1398321544559868,0.5984620434110561
q_normal,0.3156661803975249,0.2571765584818606,0.6421496759091048,0.45247786396977274,0.35265733000286337,0.3914484986005647,0.0,0.35508929480265533,0.8758272505805165,0.37996479729623805,0.41059404786379144,1.1670103378637413,0.58965609975475,0.6797573400200996,0.7259818449129976,0.8898253428321317,0.9042308293067249,0.3623412701558374,0.8228498509779093,0.6484753812500866,1.1015934646329193,0.8283959781792771,0.7797939379921927,0.9874321053179183,0.9375014277966721,0.9740621384504692,0.9291930063558842,0.9688801492286578,0.7916636459189317,0.8816217328141699,0.6661917072674721,0.7916197892517426,0.6579382762908991,0.5165321328631443,0.7165417049932284,0.6054981927316198,0.5371514255513937,1.1727163275146464,1.1599032423942917,0.9356187778861096,1.121456472570374,1.174601270849181
q_large,0.39625086618438826,0.43510102635424136,1.0194754343626227,0.5700617561227832,0.4145830811837322,0.6279240235633355,0.35508929480265533,0.0,1.11445731123175,0.4221041751105429,0.30205691201531776,0.9410011466048754,0.6317860084610295,0.619427708152559,0.7673000962398633,0.9135901474936269,0.7930102629529054,0.5403018393407293,0.6481253176045333,0.7786608347124299,0.5591702436012024,0.8012261991434805,0.969002139575563,1.3556061577107184,1.1090419307487962,1.4500761188524056,1.0003721314919678,0.5931554785017774,0.7207238268999936,0.8362431825530615,0.7171655173249265,0.7836417646620959,1.024882958826411,1.2520693761795834,1.0145102083337099,1.210453203153905,0.7270753305372185,1.2918877901417614,0.701877772066965,0.9570557107370843,1.1352675097569114,1.1625806181027798
q_normal_rot90,1.3017537886263415,0.6835197593781356,0.3585254714322012,0.6803120134680088,1.3692104188300687,0.2483226380481168,0.8758272505805165,1.11445731123175,0.0,0.8945572242663667,0.5998598198541373,0.34812308746866283,0.8462530485924793,0.8626334586976437,0.9697597672508692,0.788910360510903,0.6389915736049461,1.0503214847404927,1.0049040420640039,1.020244521058404,0.7851740820572802,0.8342075332377675,0.9558484382139063,0.8131916390564214,0.8870083460047171,0.7287522998714356,0.8511686106546836,0.8814933301195482,1.0732470523803685,0.9425979493913984,0.6147038261885529,0.8744543098236867,0.8053375863085532,0.8054522578900039,1.1311448647153566,0.8652753445954496,0.6576167277075484,1.0571036316303306,0.7844174407728348,1.1707128039167185,0.9831874888668779,0.5226464181543665
p_normal,0.5954297747231609,0.3358923199990416,0.8437129513683805,0.2758880071318672,0.6300507276956009,0.8248010552995022,0.37996479729623805,0.4221041751105429,0.8945572242663667,0.0,0.3333654495628488,1.1041628504833807,0.8317491940196401,0.8587210662239341,0.9108938381868653,0.7182798581579846,0.8544093910071897,0.8688200191143673,0.8329266260316891,0.8904822336122555,0.7363090449518843,1.085964330899424,1.150888836042127,1.192802053102389,1.0912075189710395,1.3615801683177748,0.9415161124163736,0.7409164926923983,0.9186309075494719,0.8242067561354165,0.6300606199327956,0.838659744404442,0.8236730471143124,1.0747581320325699,0.8107306880526464,0.5011327319782449,0.7932726516500124,1.146391967021539,0.8292712157201038,1.2159240462485388,1.0819497996251437,1.1673549341960712
p_large,0.5030013158079024,0.86406877567631,0.8749628197003433,0.49615262756278805,0.3247475652049406,0.46824388692426044,0.41059404786379144,0.30205691201531776,0.5998598198541373,0.3333654495628488,0.0,1.2228134444782772,0.6849527545633611,0.9116522874396213,0.725262483982264,0.9735935909327901,0.8439669242769567,1.138365981122914,0.9294572927103368,0.7138517364281857,0.6597726690187846,0.8864333060415176,0.6453631296077529,0.5851087783924414,0.8296694631843763,1.1447077262294842,1.3261964492183826,0.5947003372983152,0.6309030395167539,0.8516946602663258,0.7865847476069041,0.6644707551259086,0.68155946891669,0.8606060359667704,0.809937504642304,0.9350196525080121,0.9171339697556293,0.8653524581021313,1.0408320647372646,1.0049614541782965,0.8685399762949052,0.9810576446004057
p_normal_rot90,0.9893060329769916,0.6222207761184047,0.27349071368466527,0.7161621205154166,0.9871907455316434,0.2657056949431435,1.1670103378637413,0.9410011466048754,0.34812308746866283,1.1041628504833807,1.2228134444782772,0.0,0.9786332521689151,0.7272851932486519,1.1399683763206259,0.9599814631382351,0.3155051298654078,0.9427487209308589,1.1508036255690755,0.6776523069960012,1.0902206722395018,0.7080474663571884,0.8476205237988411,0.9778750532281845,0.9367416479105757,0.8419299044542348,1.0913104104699225,0.9095938291903358,0.7964305987149314,0.9798266820508673,0.7252516091122875,0.46417945448946246,0.7958128457325947,0.6845030768729351,0.8517849912778315,0.8318683361555819,0.5854943274312449,1.3698391111908033,0.8714596596126349,1.3408808363663838,1.225331909037809,0.8147573005880581
r_normal,1.0951960918694372,1.0806541371133476,0.7878789301855096,0.9359994415910387,0.8977408442174347,0.8653026476070702,0.58965609975475,0.6317860084610295,0.8462530485924793,0.8317491940196401,0.6849527545633611,0.9786332521689151,0.0,0.5821871226409042,0.36867053850617865,0.984329438986249,0.4675023401339466,0.9445203432349042,1.2817569516135199,0.6072313479145725,0.7562297203982455,1.4172408427027352,1.2354938819625487,0.7304966478623778,1.0623872961014804,1.3168244562875995,1.5741884476319805,0.5773413242987978,0.8182406838869161,0.8375213152009943,0.7596148433837259,1.1066922780430677,1.1049277333950074,0.7885465402102781,1.269404286898665,0.8886525265786483,0.7457127283248308,1.2355859073857305,1.3943441133431191,0.854179724360732,1.2653913692202368,0.730438854073224
r_large,0.913592593494601,0.7255115673615615,0.55377578914087,0.5780179840890565,0.8177907794367657,0.7885280796916957,0.6797573400200996,0.619427708152559,0.8626334586976437,0.8587210662239341,0.9116522874396213,0.7272851932486519,0.5821871226409042,0.0,0.48505898715776335,0.3226290144486273,0.6689946531288161,0.6348870018085452,0.6906172164668168,0.7448837035131511,0.5580733735331631,0.5195106069621822,0.8745182801338637,0.6788452409955498,0.9267005490824558,0.8926468037069055,0.9210758905829651,1.0139333812180937,0.9307579716011314,0.6508592010033227,1.1740225889165754,0.526743251206186,1.1890013835227475,0.5245857947919506,0.9295066322159498,0.6090559727529455,0.8247932572865287,0.7696337160700266,0.7536250301409929,0.8289694466075785,0.644772285990791,0.6092199494756544
r_normal_flip_h,0.6811389361204482,0.8435035537955414,0.576365057503893,0.7891998748232263,1.1756507951495967,0.5062758188319599,0.7259818449129976,0.7673000962398633,0.9697597672508692,0.9108938381868653,0.725262483982264,1.1399683763206259,0.36867053850617865,0.48505898715776335,0.0,0.438196083570005,0.6778899341213741,0.965986842162506,0.8202983621802666,0.9099696712543759,0.8409033520784434,1.2860978656465147,1.3638739786237282,0.8670413786519857,1.1798960426108076,1.328768586213695,1.1736353393559198,0.5674231153868166,0.6151589606845791,0.6474537179660219,0.7372135056604487,0.5876770198864043,1.0546134137705903,1.0538799252562085,0.9589141819193802,0.8762363966603834,0.5593902940413523,1.035254314962521,0.9675048071286094,0.7372527430686051,0.8418422229573099,0.4810589178566473
r_normal_flip_v,0.7420748573389278,0.6012617538746315,0.5525995879622047,0.6532648606869662,0.9795317883358194,0.655588347493973,0.8898253428321317,0.9135901474936269,0.788910360510903,0.7182798581579846,0.9735935909327901,0.9599814631382351,0.984329438986249,0.3226290144486273,0.438196083570005,0.0,0.9861132159767031,1.0093583337322203,1.0263088045489768,1.2340116564821428,1.0921190180717946,0.5393972992083332,1.4806114271504718,0.9160510561209857,1.1909943568942103,0.8614082252640556,0.6288910752427779,0.6146114384612765,0.46702740550361616,0.5022690439263874,0.5850736299504218,0.5652015939763969,1.2465597145882448,0.6487229906117427,0.6701971976437908,1.2296089252525477,0.8752931902319984,0.8487195443967769,0.8753525098589158,1.4548313240173232,0.9404084255422234,0.38896591825637944
r_normal_rot90,1.2316211624073539,0.8381758063203743,0.529416142568867,1.0945040100860743,1.1951732423318764,1.0207259000284272,0.9042308293067249,0.7930102629529054,0.6389915736049461,0.8544093910071897,0.8439669242769567,0.3155051298654078,0.4675023401339466,0.6689946531288161,0.6778899341213741,0.9861132159767031,0.0,0.8936656586075538,1.14045116436274,0.9146736348626213,1.2750641742567157,0.9749659324352161,1.1008567611793982,1.0258735840154003,1.1876892956121932,0.8262072296173472,1.1980804606367197,0.6948173755597077,0.8607494858990968,0.8704406810459054,1.0395531817996206,0.2921414393290989,1.330686791367923,0.75682164104588,0.9032700922764523,0.819217278043625,0.5798781903104555,0.7327971748565152,0.5911831667622952,0.6181694639134694,0.6831591672389347,0.7924096396393455
a_normal,0.8297065541971385,0.49437525812105987,1.6096061394868924,0.6043756555276021,0.9429274462561577,0.9816446134904359,0.3623412701558374,0.5403018393407293,1.0503214847404927,0.8688200191143673,1.138365981122914,0.9427487209308589,0.9445203432349042,0.6348870018085452,0.965986842162506,1.0093583337322203,0.8936656586075538,0.0,0.48099942166233306,0.3820263903572432,0.3352814078619791,0.43315101317921817,0.5774917153697027,1.1214444437474698,0.4906665043256535,1.0220045356793765,0.6076864568423638,0.9123672215549873,0.590254680710954,1.2859477473290153,0.7001063947573125,0.8579755868268748,0.5925533738858799,1.2206136048364316,0.8746531752833131,1.2866821936235404,0.86003454214453,1.5717146693691684,0.8156485842787831,0.8658215403430906,1.0027931766016747,1.0118934280755834
a_large,0.6916075376435925,1.126908313691666,1.452778446690216,1.2116240680486472,0.7303795655163589,0.7494607436255711,0.8228498509779093,0.6481253176045333,1.0049040420640039,0.8329266260316891,0.9294572927103368,1.1508036255690755,1.2817569516135199,0.6906172164668168,0.8202983621802666,1.0263088045489768,1.14045116436274,0.48099942166233306,0.0,0.2785024871538353,0.37941958145963045,0.4067641919091934,0.5790470701497112,0.5510374246891498,0.6864682578864396,0.8580311610304425,0.4932174978830102,0.9313138685172939,0.9447190938819139,0.8725575514342474,1.0881028079636108,0.7013796628356804,1.3118352415260093,0.9047442648641688,1.1669790917668335,1.255747707290391,0.9622311853886044,1.0560245863311741,0.7607520257902154,1.4386834849082808,0.7367251004584432,1.2151990210144001
a_normal_flip_h,0.6269956497174871,1.0873972157331886,0.9083434562389134,0.6869350450143834,0.6326690870376326,0.8282617041202079,0.6484753812500866,0.7786608347124299,1.020244521058404,0.8904822336122555,0.7138517364281857,0.6776523069960012,0.6072313479145725,0.7448837035131511,0.9099696712543759,1.2340116564821428,0.9146736348626213,0.3820263903572432,0.2785024871538353,0.0,0.4627450337862809,0.3278664753383015,0.5106075540932962,0.49221746758420876,0.904709970411582,0.5670234909089357,0.4706168501236218,1.019214639269432,1.229584085278664,1.216078936450935,1.1974137645135428,0.7973648345055258,0.8484294058201014,0.8029726203827998,1.1939008556182795,0.7941439224239594,1.0329971194802823,0.8016495293632578,0.7178345701539621,1.1699208230031415,0.7041309612003689,0.6540321064253174
a_normal_flip_v,0.6942883962676042,0.7802910248888932,1.5705088342814333,0.809704735582778,0.7893659836948766,0.8234296454222187,1.1015934646329193,0.5591702436012024,0.7851740820572802,0.7363090449518843,0.6597726690187846,1.0902206722395018,0.7562297203982455,0.5580733735331631,0.8409033520784434,1.0921190180717946,1.2750641742567157,0.3352814078619791,0.37941958145963045,0.4627450337862809,0.0,0.4120630348425267,0.6755785049385109,0.5563461860905563,0.6604678848846272,0.7346381574039064,0.9392175255922807,0.9294942586794396,1.0534480359410627,0.9573976860826673,1.121674821029358,0.633324543893313,1.1293480768010862,0.9683649200083244,0.9375010170170703,1.1859015304468266,1.1260198968698616,0.7903203308677571,0.7428525996877293,1.2333965701636287,0.7503772445834288,1.47158405920011
a_normal_rot90,1.0823965699573546,0.6411423059563747,0.5689674261996651,0.8327700606715505,0.9730338685023254,0.729113925710544,0.8283959781792771,0.8012261991434805,0.8342075332377675,1.085964330899424,0.8864333060415176,0.7080474663571884,1.4172408427027352,0.5195106069621822,1.2860978656465147,0.5393972992083332,0.9749659324352161,0.43315101317921817,0.4067641919091934,0.3278664753383015,0.4120630348425267,0.0,0.784229466653344,0.5820823765070012,0.5835223002740617,0.5738356556989593,0.5059767905440808,0.6038277105617939,0.9438700603798947,0.965304072063645,0.7479762731176276,0.7331442753104449,0.926280774563153,0.7375795351747697,0.9408632045924765,1.2637722705859273,0.9877042880292083,0.6554182060635241,0.6925337329265253,1.2202738796305788,0.7154961276300049,0.7984663015293217
e_normal,0.6796576260054685,0.7881552579133481,1.3098703852053442,0.7253132342621592,0.6344862780951258,0.7167291349592307,0.7797939379921927,0.969002139575563,0.9558484382139063,1.150888836042127,0.6453631296077529,0.8476205237988411,1.2354938819625487,0.8745182801338637,1.3638739786237282,1.4806114271504718,1.1008567611793982,0.5774917153697027,0.5790470701497112,0.5106075540932962,0.6755785049385109,0.784229466653344,0.0,0.4041344597339709,0.3008611364780785,0.3383013107560379,0.2774484747978669,1.2230504356551908,1.0591944462236471,1.4087029267926514,1.1242300930883835,0.806448531580932,0.7621107478077898,0.8425299549937127,0.948717342347493,1.2070005486616344,0.9725422524135531,1.0586714493689173,0.6036977896210509,0.9488325414567859,0.9692613896033617,1.0302774315950305
e_large,0.6622786455583303,1.3969063724987383,0.9729219939058702,1.1179899095194414,0.815661027888706,0.8141032399491723,0.9874321053179183,1.3556061577107184,0.8131916390564214,1.192802053102389,0.5851087783924414,0.9778750532281845,0.7304966478623778,0.6788452409955498,0.8670413786519857,0.9160510561209857,1.0258735840154003,1.1214444437474698,0.5510374246891498,0.49221746758420876,0.5563461860905563,0.5820823765070012,0.4041344597339709,0.0,0.35924680074244936,0.26982029908066907,0.38488326366742076,1.0034080429682306,1.1675384161103226,0.769240711648427,0.898047017785036,0.7498259328131622,1.0568617197301424,1.3379372631839213,1.1092553345161438,0.9399044963837098,0.9690350995460792,0.6493300304623439,0.8199704721669594,0.9382245304383702,0.8478856759094778,0.8957443464604905
e_normal_flip_h,0.9487495978023683,1.0540781432306046,1.0653648208509576,0.9175103076815476,0.69666536111204,0.9302709222379228,0.9375014277966721,1.1090419307487962,0.8870083460047171,1.0912075189710395,0.8296694631843763,0.9367416479105757,1.0623872961014804,0.9267005490824558,1.1798960426108076,1.1909943568942103,1.1876892956121932,0.4906665043256535,0.6864682578864396,0.904709970411582,0.6604678848846272,0.5835223002740617,0.3008611364780785,0.35924680074244936,0.0,0.26248735495428077,0.3017354319916087,1.309509618468128,0.7946685015122802,1.125747324108867,0.9377365276102396,1.057809617683112,0.7677604634995037,0.8911001888715195,0.602963678990592,0.8354390931324019,0.8165683356541571,0.7745017159333484,1.0066185503481062,0.9643860203700733,0.817589769602882,1.1150426350267424
e_normal_flip_v,0.8875413471459904,0.9947018089733378,0.8279020017345547,0.9370254860274579,0.7034635386373468,1.0432545098675539,0.9740621384504692,1.4500761188524056,0.7287522998714356,1.3615801683177748,1.1447077262294842,0.8419299044542348,1.3168244562875995,0.8926468037069055,1.328768586213695,0.8614082252640556,0.8262072296173472,1.0220045356793765,0.8580311610304425,0.5670234909089357,0.7346381574039064,0.5738356556989593,0.3383013107560379,0.26982029908066907,0.26248735495428077,0.0,0.33118821622933475,0.9981382701451125,0.815269776242346,0.6184212665865556,0.8185053232985784,0.9950725701310612,0.8636835568486994,0.9749752112184418,0.9906524770432215,1.0958649872950845,1.1981819848686694,0.812774501834692,0.8317397738620784,1.094021588419803,0.8193100364075869,0.5258440042883289
e_normal_rot90,0.6064265951019435,0.8555617895411546,1.352341144011152,0.6788075748466538,0.5905516728296262,0.8407944104274062,0.9291930063558842,1.0003721314919678,0.8511686106546836,0.9415161124163736,1.3261964492183826,1.0913104104699225,1.5741884476319805,0.9210758905829651,1.1736353393559198,0.6288910752427779,1.1980804606367197,0.6076864568423638,0.4932174978830102,0.4706168501236218,0.9392175255922807,0.5059767905440808,0.2774484747978669,0.38488326366742076,0.3017354319916087,0.33118821622933475,0.0,1.0991666883606408,0.9676323482551545,0.5447475769849838,1.4173101832122075,1.0069636978491079,1.2393134344337915,0.8401411797837763,0.8110494515490507,1.2458450926940576,0.9057676390797984,1.012897581664372,0.7745366475746527,0.8784065383715022,0.6946204218556815,0.7432259686786116
f_normal,0.9390732242082357,0.9352462681509885,0.9393847638751696,1.173347473653782,1.3913288192227005,1.4877808558892063,0.9688801492286578,0.5931554785017774,0.8814933301195482,0.7409164926923983,0.5947003372983152,0.9095938291903358,0.5773413242987978,1.0139333812180937,0.5674231153868166,0.6146114384612765,0.6948173755597077,0.9123672215549873,0.9313138685172939,1.019214639269432,0.9294942586794396,0.6038277105617939,1.2230504356551908,1.0034080429682306,1.309509618468128,0.9981382701451125,1.0991666883606408,0.0,0.366753369659881,0.32198782331687553,0.2555252968698284,0.9560360119260968,0.6704331323375284,0.5415104297510959,0.6671833983910004,0.644452814498856,0.723257070398859,1.1306502950255641,0.43899554043935,0.5419586680538786,1.3580657786552843,0.7032910517772213
f_large,0.9814401992701454,0.9832299522521456,0.7779642377397097,0.8972217977322593,1.029739917740326,0.9874172624328091,0.7916636459189317,0.7207238268999936,1.0732470523803685,0.9186309075494719,0.6309030395167539,0.7964305987149314,0.8182406838869161,0.9307579716011314,0.6151589606845791,0.46702740550361616,0.8607494858990968,0.590254680710954,0.9447190938819139,1.229584085278664,1.0534480359410627,0.9438700603798947,1.0591944462236471,1.1675384161103226,0.7946685015122802,0.815269776242346,0.9676323482551545,0.366753369659881,0.0,0.3058267030864982,0.3867525967155181,0.47587032965546144,0.8960962379861761,1.0148181809750314,1.0983403545873005,1.113993280654248,0.9360280891602226,1.0620039860904174,0.8628465383814874,0.7785959304466741,1.0500116326210003,0.6103281334664487
f_normal_flip_h,0.6921810384187972,0.6148566516492497,0.7832849311084416,1.157964638495,0.7816026146688584,0.9676000455416146,0.8816217328141699,0.8362431825530615,0.9425979493913984,0.8242067561354165,0.8516946602663258,0.9798266820508673,0.8375213152009943,0.6508592010033227,0.6474537179660219,0.5022690439263874,0.8704406810459054,1.2859477473290153,0.8725575514342474,1.216078936450935,0.9573976860826673,0.965304072063645,1.4087029267926514,0.769240711648427,1.125747324108867,0.6184212665865556,0.5447475769849838,0.32198782331687553,0.3058267030864982,0.0,0.26582776872857633,0.6210098343140117,0.7983583148882412,0.5905564412164112,0.5800545715086055,0.7379638001445991,0.9367748422281975,0.768983866680799,0.6516878512978228,0.5509114053025711,1.0574015790600793,0.6484381820760547
f_normal_flip_v,0.698253252964147,0.6745129824207746,0.9129428473494622,0.6556012386083587,0.6731395732082948,0.5869088129983074,0.6661917072674721,0.7171655173249265,0.6147038261885529,0.6300606199327956,0.7865847476069041,0.7252516091122875,0.7596148433837259,1.1740225889165754,0.7372135056604487,0.5850736299504218,1.0395531817996206,0.7001063947573125,1.0881028079636108,1.1974137645135428,1.121674821029358,0.7479762731176276,1.1242300930883835,0.898047017785036,0.9377365276102396,0.8185053232985784,1.4173101832122075,0.2555252968698284,0.3867525967155181,0.26582776872857633,0.0,0.6492986239820966,1.4847668420953901,1.0255066856682644,0.7916923801631587,0.9507268313039535,1.0614763898823594,0.9202753328278634,0.5781263578901803,0.8364177381321946,0.6096565403755794,0.6951253714755299
f_normal_rot90,0.9160921884668756,0.8677836138993402,0.4846399193007994,1.0007739173445729,0.7559301419164761,1.017067671176535,0.7916197892517426,0.7836417646620959,0.8744543098236867,0.838659744404442,0.6644707551259086,0.46417945448946246,1.1066922780430677,0.526743251206186,0.5876770198864043,0.5652015939763969,0.2921414393290989,0.8579755868268748,0.7013796628356804,0.7973648345055258,0.633324543893313,0.7331442753104449,0.806448531580932,0.7498259328131622,1.057809617683112,0.9950725701310612,1.0069636978491079,0.9560360119260968,0.47587032965546144,0.6210098343140117,0.6492986239820966,0.0,1.3721145278540998,0.866046141263325,1.1348020612494243,0.9418671091694311,0.5694099071024519,0.8494460284985127,0.5645854034764046,0.8189913192458075,0.9307019030881523,0.7261881634115186
h_normal,0.5022877301871029,0.4140993226624382,0.8474883855000729,0.5270206549323754,0.8336788296734851,1.1182875599263955,0.6579382762908991,1.024882958826411,0.8053375863085532,0.8236730471143124,0.68155946891669,0.7958128457325947,1.1049277333950074,1.1890013835227475,1.0546134137705903,1.2465597145882448,1.330686791367923,0.5925533738858799,1.3118352415260093,0.8484294058201014,1.1293480768010862,0.926280774563153,0.7621107478077898,1.0568617197301424,0.7677604634995037,0.8636835568486994,1.2393134344337915,0.6704331323375284,0.8960962379861761,0.7983583148882412,1.4847668420953901,1.3721145278540998,0.0,0.24467086280664863,0.5628601622444258,0.5627858669994228,0.42625998907883894,0.666644223349103,0.7401186981888821,0.4721702845250733,0.5697058314548731,0.760225671681777
h_large,0.9007156597965187,0.3615593180490844,0.603108984635668,0.5251658287694584,1.2284714835080288,0.9391991487333498,0.5165321328631443,1.2520693761795834,0.8054522578900039,1.0747581320325699,0.8606060359667704,0.6845030768729351,0.7885465402102781,0.5245857947919506,1.0538799252562085,0.6487229906117427,0.75682164104588,1.2206136048364316,0.9047442648641688,0.8029726203827998,0.9683649200083244,0.7375795351747697,0.8425299549937127,1.3379372631839213,0.8911001888715195,0.9749752112184418,0.8401411797837763,0.5415104297510959,1.0148181809750314,0.5905564412164112,1.0255066856682644,0.866046141263325,0.24467086280664863,0.0,0.6135137624743983,0.7401690566431672,0.6890385286329445,0.6194337000989283,0.5353720125822998,0.9103898249954245,0.8047437506839533,0.7077143138239721
h_normal_flip_h,0.9812945215267087,0.7421461915873883,0.5535021223226533,0.9994571688703418,1.034928607030893,1.4219193439735012,0.7165417049932284,1.0145102083337099,1.1311448647153566,0.8107306880526464,0.809937504642304,0.8517849912778315,1.269404286898665,0.9295066322159498,0.9589141819193802,0.6701971976437908,0.9032700922764523,0.8746531752833131,1.1669790917668335,1.1939008556182795,0.9375010170170703,0.9408632045924765,0.948717342347493,1.1092553345161438,0.602963678990592,0.9906524770432215,0.8110494515490507,0.6671833983910004,1.0983403545873005,0.5800545715086055,0.7916923801631587,1.1348020612494243,0.5628601622444258,0.6135137624743983,0.0,0.22523576706227058,0.5640469288203802,0.8112303155582322,0.7662345174931335,0.7379722141970095,1.0778231379702359,0.8222987992800675
h_normal_flip_v,1.101532067178154,0.779138365400773,0.9461016392867287,1.0357418483831082,1.3103397174267117,1.428764842659611,0.6054981927316198,1.210453203153905,0.8652753445954496,0.5011327319782449,0.9350196525080121,0.8318683361555819,0.8886525265786483,0.6090559727529455,0.8762363966603834,1.2296089252525477,0.819217278043625,1.2866821936235404,1.255747707290391,0.7941439224239594,1.1859015304468266,1.2637722705859273,1.2070005486616344,0.9399044963837098,0.8354390931324019,1.0958649872950845,1.2458450926940576,0.644452814498856,1.113993280654248,0.7379638001445991,0.9507268313039535,0.9418671091694311,0.5627858669994228,0.7401690566431672,0.22523576706227058,0.0,0.5143836436879791,1.0108599149153308,0.7780791875410713,0.6995179210725779,0.5781288482144171,0.665199651181249
h_normal_rot90,0.6351357934930936,0.5071985790619794,0.6148943890429359,1.0252383008462864,1.0612446368197148,1.176150697302751,0.5371514255513937,0.7270753305372185,0.6576167277075484,0.7932726516500124,0.9171339697556293,0.5854943274312449,0.7457127283248308,0.8247932572865287,0.5593902940413523,0.8752931902319984,0.5798781903104555,0.86003454214453,0.9622311853886044,1.0329971194802823,1.1260198968698616,0.9877042880292083,0.9725422524135531,0.9690350995460792,0.8165683356541571,1.1981819848686694,0.9057676390797984,0.723257070398859,0.9360280891602226,0.9367748422281975,1.0614763898823594,0.5694099071024519,0.42625998907883894,0.6890385286329445,0.5640469288203802,0.5143836436879791,0.0,0.864678000635055,0.7744217121284666,0.6929657956264684,0.697654896014523,0.8203957568234586
k_normal,0.8677566647822376,1.1788200000098126,0.9196442756345937,1.251035476772777,0.9712668056950653,0.898465353887344,1.1727163275146464,1.2918877901417614,1.0571036316303306,1.146391967021539,0.8653524581021313,1.3698391111908033,1.2355859073857305,0.7696337160700266,1.035254314962521,0.8487195443967769,0.7327971748565152,1.5717146693691684,1.0560245863311741,0.8016495293632578,0.7903203308677571,0.6554182060635241,1.0586714493689173,0.6493300304623439,0.7745017159333484,0.812774501834692,1.012897581664372,1.1306502950255641,1.0620039860904174,0.768983866680799,0.9202753328278634,0.8494460284985127,0.666644223349103,0.6194337000989283,0.8112303155582322,1.0108599149153308,0.864678000635055,0.0,0.2305780858372369,0.547689511966054,0.4229939154487262,0.6307265192599713
k_large,0.9353258747623835,0.7805638074848612,0.6415998803582025,0.6494675796881378,1.108193974550602,1.564318889037647,1.1599032423942917,0.701877772066965,0.7844174407728348,0.8292712157201038,1.0408320647372646,0.8714596596126349,1.3943441133431191,0.7536250301409929,0.9675048071286094,0.8753525098589158,0.5911831667622952,0.8156485842787831,0.7607520257902154,0.7178345701539621,0.7428525996877293,0.6925337329265253,0.6036977896210509,0.8199704721669594,1.0066185503481062,0.8317397738620784,0.7745366475746527,0.43899554043935,0.8628465383814874,0.6516878512978228,0.5781263578901803,0.5645854034764046,0.7401186981888821,0.5353720125822998,0.7662345174931335,0.7780791875410713,0.7744217121284666,0.2305780858372369,0.0,0.6785420022135888,0.43196637631844487,0.8135527367882727
k_normal_flip_h,0.6843519354032508,1.0531124842252317,1.056624917308344,1.116566924135092,0.9976180139380268,0.978590532799668,0.9356187778861096,0.9570557107370843,1.1707128039167185,1.2159240462485388,1.0049614541782965,1.3408808363663838,0.854179724360732,0.8289694466075785,0.7372527430686051,1.4548313240173232,0.6181694639134694,0.8658215403430906,1.4386834849082808,1.1699208230031415,1.2333965701636287,1.2202738796305788,0.9488325414567859,0.9382245304383702,0.9643860203700733,1.094021588419803,0.8784065383715022,0.5419586680538786,0.7785959304466741,0.5509114053025711,0.8364177381321946,0.8189913192458075,0.4721702845250733,0.9103898249954245,0.7379722141970095,0.6995179210725779,0.6929657956264684,0.547689511966054,0.6785420022135888,0.0,0.44348298920565166,0.311355248008079
k_normal_flip_v,0.884714272777664,1.5627903823231686,1.0261282666191702,1.368929881736577,0.8423442310196372,1.1398321544559868,1.121456472570374,1.1352675097569114,0.9831874888668779,1.0819497996251437,0.8685399762949052,1.225331909037809,1.2653913692202368,0.644772285990791,0.8418422229573099,0.9404084255422234,0.6831591672389347,1.0027931766016747,0.7367251004584432,0.7041309612003689,0.7503772445834288,0.7154961276300049,0.9692613896033617,0.8478856759094778,0.817589769602882,0.8193100364075869,0.6946204218556815,1.3580657786552843,1.0500116326210003,1.0574015790600793,0.6096565403755794,0.9307019030881523,0.5697058314548731,0.8047437506839533,1.0778231379702359,0.5781288482144171,0.697654896014523,0.4229939154487262,0.43196637631844487,0.44348298920565166,0.0,0.4354506925666845
k_normal_rot90,0.9128262750292787,1.0304766438071868,0.6525663769725556,1.158761071689683,1.296238458684622,0.5984620434110561,1.174601270849181,1.1625806181027798,0.5226464181543665,1.1673549341960712,0.9810576446004057,0.8147573005880581,0.730438854073224,0.6092199494756544,0.4810589178566473,0.38896591825637944,0.7924096396393455,1.0118934280755834,1.2151990210144001,0.6540321064253174,1.47158405920011,0.7984663015293217,1.0302774315950305,0.8957443464604905,1.1150426350267424,0.5258440042883289,0.7432259686786116,0.7032910517772213,0.6103281334664487,0.6484381820760547,0.6951253714755299,0.7261881634115186,0.760225671681777,0.7077143138239721,0.8222987992800675,0.665199651181249,0.8203957568234586,0.6307265192599713,0.8135527367882727,0.311355248008079,0.4354506925666845,0.0
