,b_normal,b_large,b_normal_rot90,d_normal,d_large,d_normal_rot90,q_normal,q_large,q_normal_rot90,p_normal,p_large,p_normal_rot90,r_normal,r_large,r_normal_flip_h,r_normal_flip_v,r_normal_rot90,a_normal,a_large,a_normal_flip_h,a_normal_flip_v,a_normal_rot90,e_normal,e_large,e_normal_flip_h,e_normal_flip_v,e_normal_rot90,f_normal,f_large,f_normal_flip_h,f_normal_flip_v,f_normal_rot90,h_normal,h_large,h_normal_flip_h,h_normal_flip_v,h_normal_rot90,k_normal,k_large,k_normal_flip_h,k_normal_flip_v,k_normal_rot90
b_normal,0.0,0.282137809247033,0.6000306756850567,0.3677450157507234,0.36413727670681356,0.46920872224948135,0.4195397509549007,0.6073413739029547,0.5062175670103076,0.36411422705025154,0.5589407101031793,0.574176847127745,1.0080972997659174,0.8122366814468445,1.249271869205864,0.39017065788364286,0.532493217435089,0.8951417080427562,0.6312988406194813,0.5561034416203057,0.61533094899226,0.7425334849554085,1.158010989786604,0.7132176259475012,0.6711770382155314,0.7308384185416777,0.8244624595510195,0.8202210285871773,0.7901439484927448,0.8985529229552671,0.9137555922933887,0.6973695913786042,1.0525367711826894,0.6452233589145772,0.7723105795482947,0.49065202340107,1.2634635231333171,0.8367083210814859,0.7011741674494277,1.0090450210967472,0.9252831065743939,0.8225996632689878
b_large,0.282137809247033,0.0,0.509808377870414,0.39055998281530335,0.374258866980812,0.5268880826722568,0.3049682530106417,0.3662943694001454,0.8483145873320117,0.2824427690510246,0.5538285261801429,0.2956071457470399,0.5242276256733539,0.6760601567943492,1.180456215840434,0.9175104543313735,0.8596675813712406,0.8167361036147518,0.6634752061612627,0.4269044289432227,0.7903626737462776,0.9631868828728839,1.1226424029986213,0.9865609302845999,0.544817385866255,1.0331978334603724,0.9780300941063592,0.8031247496198765,0.6362427925940827,0.9038138923464178,1.119305344082922,0.9917947617377433,0.8014821929897915,0.409817979363072,0.6166087754163517,0.5075963878254589,0.5560770459725956,0.7454515943595919,0.7794688723998637,0.6561223797759982,1.0318089502747905,1.0871685866807823
b_normal_rot90,0.6000306756850567,0.509808377870414,0.0,0.4038428702576538,0.6243633916900362,0.5506158743764881,0.7823876281271195,0.6018240760046314,0.4124574155195826,0.364402535612534,0.5157972191465752,0.6143095118895273,0.7722039891418256,0.9213019101125148,0.9295072083031265,0.47082629303318796,1.1607619532085471,0.861797712972734,0.7241146964183482,0.624250542690097,0.468639703818915,0.7189898453620791,0.9489616466109392,1.11888332893121,1.55275759594481,0.7558932992968591,0.6522912406453006,0.7541097528754575,0.857855887781406,0.9165270542683023,0.6326000214554381,0.6683118366046982,0.909987133225734,0.9071184274526988,0.8483546414054997,1.111224550666708,0.461677029981795,1.1492424656406017,1.0636696060540567,0.7670010860728235,1.083455375632213,0.8104262882817956
d_normal,0.3677450157507234,0.39055998281530335,0.4038428702576538,0.0,0.3004077016366802,0.5819667820646329,0.36629984759803946,0.39850318324143696,0.3869093146089303,0.3577852571377371,0.4774212464272666,0.4930391515527845,0.7830271134942409,0.6594565970328929,1.0730429054803294,0.9090234158373627,0.9461306064712883,1.048293882273527,0.4943657960916173,0.8658398173489704,0.8532713811021053,0.8375619284626628,1.4161467240636187,1.5556558983796442,0.9411486628952012,1.1160517370484322,0.7389764109697556,0.8823349463229765,1.2426078040609114,0.5714455275078505,1.0364430900203923,0.9537452325796626,0.9432026708719216,0.7127422990259331,0.7841545551074923,0.5243967512458757,0.5935125869830075,1.2066242026514034,0.9208820611259515,0.6945498303844134,0.6059668240931926,0.7881788609281147
d_large,0.36413727670681356,0.374258866980812,0.6243633916900362,0.3004077016366802,0.0,0.4342345334206403,0.4996970764880574,0.34417462011934025,0.3668682614317565,0.4739919193781428,0.49185175351626226,0.432224646268547,0.9700486534180325,0.9576274013211791,1.0227479932055212,0.8479410393391162,0.7859595641697551,0.7870444030284046,1.0102222444054887,1.0700890064920858,0.8898905853821674,0.8980639307858843,1.35320943999383,1.584902116947741,0.7999181266631565,1.0339279177338792,0.9823413878182649,0.5887722718472492,0.601827620383696,0.9592866738477033,0.7045919189622508,0.6079792509695753,1.1526246652719343,0.5030752132817837,0.7587966233467848,0.6268256946325046,0.7119724330586359,0.8728635400499632,0.7559413937496443,0.949208844009131,0.7965497620528814,0.8202255695030478
d_normal_rot90,0.46920872224948135,0.5268880826722568,0.5506158743764881,0.5819667820646329,0.4342345334206403,0.0,0.6137861718098218,0.3894489624939603,0.35534196688247055,1.0457914950918668,0.49013755356079924,0.3389042487257661,1.0758388588747914,0.6966833084471384,1.3384748432378024,1.2323843737469184,1.133851187101318,1.089621109839126,0.7926589136613199,0.8307511198211948,0.7930816765907411,0.6298727879362545,1.4605803180368924,0.8843979883773218,1.2733802063674282,0.7517186006503763,0.9347611666039339,0.5878284863435177,0.8768471575628964,0.8939656226490893,0.9166908681262966,0.7699033172968356,1.0485171733730785,1.1626019574668105,0.49473157436475773,0.6896543060274718,1.0045162455839103,1.532282212211727,1.5731860812132241,1.001221418397602,1.5310491380158433,1.345858218142619
q_normal,0.4195397509549007,0.3049682530106417,0.7823876281271195,0.36629984759803946,0.4996970764880574,0.6137861718098218,0.0,0.37330833991539014,0.3642091091922786,0.4077886342805963,0.30149129359462107,0.4107459454491516,0.4484560553121043,0.46578232913298084,0.4574590957923457,0.5190505144388269,0.4986025679507265,0.7069162722006541,0.5966760110422968,1.020568840646213,1.3983479235971021,1.3104410193174907,0.8547541351594452,0.47835566154143355,0.9116818690092576,0.7731933757560214,0.8161104180763983,0.5305736710402917,0.5246452748955092,0.6807709889939927,1.159855446033285,0.4192922881711104,0.4164964763636892,0.41498192788694166,0.46304315674808033,0.5561776069752785,0.9283725816788047,0.7230375568345593,0.5042816401162871,0.636193222157679,0.5402690406682032,0.8981899853483105
q_large,0.6073413739029547,0.3662943694001454,0.6018240760046314,0.39850318324143696,0.34417462011934025,0.3894489624939603,0.37330833991539014,0.0,0.5095292664383407,0.334918377955487,0.32714255856127855,0.4104790633746987,1.0665377027119447,0.8653271401780717,0.8957147858600895,0.9595605891961059,1.5131424055681135,1.303636072362714,0.8597268759219406,1.3579593266189216,0.5511490478664469,1.2617490804136033,1.16765788766116,0.5790757730886787,1.361951468164177,1.0376027053011687,0.5687503230986443,1.3004348775067411,0.6480032370656988,0.6483097528817822,0.6770869407400346,0.5812912116655068,0.9060789266190531,0.7760520385205382,0.5822278204241367,0.5137635750711859,0.8440792357870062,0.5884564006354119,0.9716298512430124,0.922703890655611,0.8106396367873243,0.7560871288748304
q_normal_rot90,0.5062175670103076,0.8483145873320117,0.4124574155195826,0.3869093146089303,0.3668682614317565,0.35534196688247055,0.3642091091922786,0.5095292664383407,0.0,0.4321286597011857,0.3361656529874231,0.30518206010707083,0.6192975758045138,0.4648437547134701,1.0718866444383104,0.8514184509686469,0.8544408148495334,0.993523471460826,1.174909833317416,1.5600066142656737,1.1111149195046497,1.0894618474610562,1.4285626828946063,0.8631885147628401,1.0619358657885036,1.061187043523506,1.1868504380854574,0.6806654109355263,0.6758863946978525,0.8535552289324737,0.9824422953123444,0.5169592480690507,0.7978529982623721,0.6846298508701745,0.6744766512918772,0.8143006559168053,0.42080296697373465,0.8443574080728904,0.937764882733403,0.6891111008845014,0.553242947381081,0.7626407605510686
p_normal,0.36411422705025154,0.2824427690510246,0.364402535612534,0.3577852571377371,0.4739919193781428,1.0457914950918668,0.4077886342805963,0.334918377955487,0.4321286597011857,0.0,0.3341957323635735,0.2742105424800786,0.6937453586085682,0.6635838615986505,0.8777298211377209,0.5136155392815395,0.550304280381747,0.710731859101991,0.5856564533293055,0.9401938881184562,0.7728699408117059,1.4530236967973327,1.250333977466079,1.2480471303820142,1.0504690970747517,1.0902076401927958,0.9333318681919863,0.46594963416344276,0.5687940998884244,0.7962156528585438,0.9464105894784609,0.5450974116570152,0.8073988480476781,0.46882597703020873,0.6460325891807082,0.37327612982946917,0.5951052184129741,0.6659777282043876,0.7273038566147674,0.69732921752581,0.5985778879108992,0.7256308799080068
p_large,0.5589407101031793,0.5538285261801429,0.5157972191465752,0.4774212464272666,0.49185175351626226,0.49013755356079924,0.30149129359462107,0.32714255856127855,0.3361656529874231,0.3341957323635735,0.0,0.367970951811996,0.6670386647885217,0.45275801855924724,1.1006557441875398,0.7797354362176222,0.9441615568740714,0.9494415519527274,0.9372087770152573,0.7532065592436319,1.1631023060928125,0.6551663084600902,0.9829386150727345,0.8152146315248567,1.005034368600719,1.0654004157016626,0.7329230542266504,1.2437707762929375,0.9053575209787201,1.2832021713383415,1.4981945056202404,0.9317755165802899,1.4699234962124546,0.8737062576114552,0.5648339641173615,0.5088803158392778,1.0172527755213319,1.1822264964433207,1.4558958284791026,1.1897814619146496,1.039841859675355,0.6187314471854334
p_normal_rot90,0.574176847127745,0.2956071457470399,0.6143095118895273,0.4930391515527845,0.432224646268547,0.3389042487257661,0.4107459454491516,0.4104790633746987,0.30518206010707083,0.2742105424800786,0.367970951811996,0.0,0.631527035139014,0.3901164321662277,0.569182278892718,0.8552681703583356,0.7745662332106639,0.8356919660788289,1.0495119976898997,0.6266971794472577,1.3327669198038026,0.9983195851126285,0.8943185341471434,0.8335838363989347,1.2497410837325977,0.7233796403629603,0.889158014318926,0.8058463526621229,0.5980979883926204,1.0487366433180374,1.2241541334783457,0.394400120060953,0.9100578651878689,0.40580248740944636,0.581676134034635,0.6412337916216988,0.5295202145945878,0.5742887780119998,1.048654092222922,0.849515805026137,0.8149208262360812,0.8554254163355871
r_normal,1.0080972997659174,0.5242276256733539,0.7722039891418256,0.7830271134942409,0.9700486534180325,1.0758388588747914,0.4484560553121043,1.0665377027119447,0.6192975758045138,0.6937453586085682,0.6670386647885217,0.631527035139014,0.0,0.30921793559329985,0.507234401298256,0.5777528202952408,0.36071698645175365,0.6006779519233232,0.7920446759584285,0.5754026402510724,1.1727540022862353,0.4972022391998656,1.0065591620620493,0.8298971589456411,0.6481788927474987,0.9173120412962884,0.5155650160553319,0.5918116963302924,0.6432125913916359,0.40792247019333844,0.5905886661486148,0.36767170312484543,1.3729443112834825,0.9926440561297304,0.9258491034730937,0.7988909393322406,0.9153529233800024,0.5819769380273905,0.8426695341972386,1.1021900292221571,1.4451986695532748,0.8752674183039792
r_large,0.8122366814468445,0.6760601567943492,0.9213019101125148,0.6594565970328929,0.9576274013211791,0.6966833084471384,0.46578232913298084,0.8653271401780717,0.4648437547134701,0.6635838615986505,0.45275801855924724,0.3901164321662277,0.30921793559329985,0.0,0.6455600930941265,0.74601538042215,0.4489132869804209,0.7025392933059946,1.0073761618130483,1.3010122252036673,1.2791114605073057,0.8796365280037547,0.8304685758307055,0.9550913534094589,1.042787742843983,0.6416921927600969,1.2532442031172897,0.6320345936364883,0.6137432999296771,0.5864983379018966,0.6890021717314192,0.43073807665307573,0.9600428970479451,0.8226137014015918,0.8877292256550301,0.559325440500978,0.8866339288591044,0.9251442728096713,1.0504819134050856,0.9508877978366425,0.8493569158482487,0.634896840238763
r_normal_flip_h,1.249271869205864,1.180456215840434,0.9295072083031265,1.0730429054803294,1.0227479932055212,1.3384748432378024,0.4574590957923457,0.8957147858600895,1.0718866444383104,0.8777298211377209,1.1006557441875398,0.569182278892718,0.507234401298256,0.6455600930941265,0.0,0.425782284081882,0.3017203544309635,0.8012922431877272,1.4099421120168925,0.7768971218221514,1.194575921218893,1.087800165624701,0.9213630858380333,0.7318006317699574,0.7475220109604419,0.8049750250132334,0.7479011173633069,0.6169563329758726,0.5043732909447332,0.38902465419111076,0.6948914100095813,0.443172277015929,0.5591104307392987,0.6221683934925212,1.3209811961030833,0.45692298482080945,1.0714364183379714,0.7683889366194409,0.6845432343990545,0.5789796674189199,0.968610049500628,0.5182024814180652
r_normal_flip_v,0.39017065788364286,0.9175104543313735,0.47082629303318796,0.9090234158373627,0.8479410393391162,1.2323843737469184,0.5190505144388269,0.9595605891961059,0.8514184509686469,0.5136155392815395,0.7797354362176222,0.8552681703583356,0.5777528202952408,0.74601538042215,0.425782284081882,0.0,0.6547101382696889,0.7479611504189552,0.9299904850466345,0.8851406318679904,0.760480116990184,1.3262711497255288,1.0934772530363444,0.7684575519170915,0.8959790421525158,1.0625189368682213,0.9382560525902738,0.7760794434331785,0.7884942598565851,0.8763864666311076,0.44420886500597284,0.6548470635488318,1.2661723025495832,1.24116599565091,0.5701447068261611,0.7138326360854649,0.8356145841937568,0.7447964702426111,1.2048531156199993,0.9545199073533652,0.8070714440168292,0.8343081967409836
r_normal_rot90,0.532493217435089,0.8596675813712406,1.1607619532085471,0.9461306064712883,0.7859595641697551,1.133851187101318,0.4986025679507265,1.5131424055681135,0.8544408148495334,0.550304280381747,0.9441615568740714,0.7745662332106639,0.36071698645175365,0.4489132869804209,0.3017203544309635,0.6547101382696889,0.0,1.0734843065588966,1.054965484491042,0.8929515390716696,0.6955490245794096,1.285992423801512,0.8905741465439128,0.9829033449909829,0.7699110531126553,0.9741941859942652,1.0249556356554113,0.6029666608876215,0.4212383749400129,0.501378594388621,0.3760129019529449,0.28819939141224293,0.4877417195740025,0.6838016814637486,1.0365103414657044,0.6618925493656141,0.6251358542189849,1.145222120466466,0.9235664033511578,0.777581422767256,0.8063437285418038,0.5592394522126275
a_normal,0.8951417080427562,0.8167361036147518,0.861797712972734,1.048293882273527,0.7870444030284046,1.089621109839126,0.7069162722006541,1.303636072362714,0.993523471460826,0.710731859101991,0.9494415519527274,0.8356919660788289,0.6006779519233232,0.7025392933059946,0.8012922431877272,0.7479611504189552,1.0734843065588966,0.0,0.29611199168819546,0.3799530799564246,0.9751759300699472,0.4561203627886701,0.7759223128949635,0.7305955160788602,0.6423672966948236,0.5980031758720414,0.601421418885536,1.5523082959456542,1.0672212598290338,1.1329430638880216,1.1566468190645276,0.8718965047721572,1.4506509226134798,0.9743432507406258,1.3440566465772978,0.916578411523731,0.7689003569192876,0.7128209035793668,0.6887742131607713,0.9185708102972164,0.9147408645607868,0.7171251695716875
a_large,0.6312988406194813,0.6634752061612627,0.7241146964183482,0.4943657960916173,1.0102222444054887,0.7926589136613199,0.5966760110422968,0.8597268759219406,1.174909833317416,0.5856564533293055,0.9372087770152573,1.0495119976898997,0.7920446759584285,1.0073761618130483,1.4099421120168925,0.9299904850466345,1.054965484491042,0.29611199168819546,0.0,0.45220997045006844,0.6553586103507604,0.4553935575769352,0.6943877930439667,0.7173319772314556,0.6094467842401778,0.7447311146585669,0.9488078817583075,1.224512996870545,0.7898973329055686,1.0397969468056734,1.0824668529118397,1.2995140157593674,1.397914866955528,1.124299227700964,1.206793471518275,1.3280943898691449,1.0996859074242205,0.8919640785748184,0.9450095369668539,0.6938070675463354,0.9357112657547443,1.0449618975312287
a_normal_flip_h,0.5561034416203057,0.4269044289432227,0.624250542690097,0.8658398173489704,1.0700890064920858,0.8307511198211948,1.020568840646213,1.3579593266189216,1.5600066142656737,0.9401938881184562,0.7532065592436319,0.6266971794472577,0.5754026402510724,1.3010122252036673,0.7768971218221514,0.8851406318679904,0.8929515390716696,0.3799530799564246,0.45220997045006844,0.0,0.7388673235149085,0.3240127610561986,0.8225857686668466,0.5009809314445061,0.3898781175477169,0.5450422519400178,0.5464631123537456,0.8778040376423379,1.0006189107610657,0.8262106142349654,1.2140661321421278,0.7897962857052874,1.0077809346256978,0.7773585264922476,0.8249471023562505,1.1275875937405762,1.0331825912803816,0.9730487200456033,1.3194330222389938,1.364050397091218,1.1217414632069185,1.5042575513405438
a_normal_flip_v,0.61533094899226,0.7903626737462776,0.468639703818915,0.8532713811021053,0.8898905853821674,0.7930816765907411,1.3983479235971021,0.5511490478664469,1.1111149195046497,0.7728699408117059,1.1631023060928125,1.3327669198038026,1.1727540022862353,1.2791114605073057,1.194575921218893,0.760480116990184,0.6955490245794096,0.9751759300699472,0.6553586103507604,0.7388673235149085,0.0,0.3596638816471995,0.5905289353188002,0.57821867461364,0.419203292847038,0.7517103858810681,0.5921208655886999,0.6383858970994932,0.7786492173413719,0.9139732646471778,0.5535319508065659,0.8178479084045815,0.8576607145186553,0.7892381610308581,0.7650973365510173,0.5656840238870102,0.8170232027394054,0.84853911468426,1.132113660044381,0.6543774299045951,1.042874978977208,1.3409668588620411
a_normal_rot90,0.7425334849554085,0.9631868828728839,0.7189898453620791,0.8375619284626628,0.8980639307858843,0.6298727879362545,1.3104410193174907,1.2617490804136033,1.0894618474610562,1.4530236967973327,0.6551663084600902,0.9983195851126285,0.4972022391998656,0.8796365280037547,1.087800165624701,1.3262711497255288,1.285992423801512,0.4561203627886701,0.4553935575769352,0.3240127610561986,0.3596638816471995,0.0,0.45969726549298456,0.6235421020495376,0.33862549626627025,0.5849738433373792,0.5036335668811399,1.2053631589295963,0.8820034294734715,0.8016326297812304,0.9038905898871527,0.7456624757051529,0.8842001529818196,1.1847868796624672,0.8485655560440142,0.8523940185867448,0.8875260100929852,1.082444376216709,1.023832184400525,0.824847531444475,0.9427941961562525,1.0690430327501728
e_normal,1.158010989786604,1.1226424029986213,0.9489616466109392,1.4161467240636187,1.35320943999383,1.4605803180368924,0.8547541351594452,1.16765788766116,1.4285626828946063,1.250333977466079,0.9829386150727345,0.8943185341471434,1.0065591620620493,0.8304685758307055,0.9213630858380333,1.0934772530363444,0.8905741465439128,0.7759223128949635,0.6943877930439667,0.8225857686668466,0.5905289353188002,0.45969726549298456,0.0,0.3666738072168619,0.49708658621278506,0.3754555878224002,0.4663382141400964,1.281192027333342,1.3113934079448653,0.9515439875321143,1.0625860020891864,1.1634211384458009,0.7413420290060699,1.190562263021183,0.8789089794539251,1.1744855908866354,1.0500030523551969,0.8110001141305211,1.047679146872383,0.9310040028647221,0.9210561809460219,0.9356871204968982
e_large,0.7132176259475012,0.9865609302845999,1.11888332893121,1.5556558983796442,1.584902116947741,0.8843979883773218,0.47835566154143355,0.5790757730886787,0.8631885147628401,1.2480471303820142,0.8152146315248567,0.8335838363989347,0.8298971589456411,0.9550913534094589,0.7318006317699574,0.7684575519170915,0.9829033449909829,0.7305955160788602,0.7173319772314556,0.5009809314445061,0.57821867461364,0.6235421020495376,0.3666738072168619,0.0,0.36595020652363797,0.3913322210073417,0.4469138325322165,1.0228145108785767,1.2234832974070218,1.0863579315676004,0.953677518245816,1.1992448752073699,0.8784895709830228,0.552317970328222,0.78326162000501,1.0143026569233409,0.7155249389199524,0.9812791573501523,1.4177090904493073,0.9386879048213649,1.2998847634515396,0.8906499501162833
e_normal_flip_h,0.6711770382155314,0.544817385866255,1.55275759594481,0.9411486628952012,0.7999181266631565,1.2733802063674282,0.9116818690092576,1.361951468164177,1.0619358657885036,1.0504690970747517,1.005034368600719,1.2497410837325977,0.6481788927474987,1.042787742843983,0.7475220109604419,0.8959790421525158,0.7699110531126553,0.6423672966948236,0.6094467842401778,0.3898781175477169,0.419203292847038,0.33862549626627025,0.49708658621278506,0.36595020652363797,0.0,0.33046003545655506,0.6073002242407638,0.910483498529554,1.00656329801923,0.9990818264414211,0.8371317904699724,0.9457379703768559,1.2271595831492907,0.6500097785823524,0.7444721100355627,1.0737638344859166,0.6049622971682739,0.5799228765583062,0.922252405677011,1.411120864055893,1.338738269141583,1.3212048170057424
e_normal_flip_v,0.7308384185416777,1.0331978334603724,0.7558932992968591,1.1160517370484322,1.0339279177338792,0.7517186006503763,0.7731933757560214,1.0376027053011687,1.061187043523506,1.0902076401927958,1.0654004157016626,0.7233796403629603,0.9173120412962884,0.6416921927600969,0.8049750250132334,1.0625189368682213,0.9741941859942652,0.5980031758720414,0.7447311146585669,0.5450422519400178,0.7517103858810681,0.5849738433373792,0.3754555878224002,0.3913322210073417,0.33046003545655506,0.0,0.44855174139264614,0.9928623953345237,1.1363534423432964,0.8666250004047331,0.6199191239337879,0.9298876945705613,0.9216328557335347,0.9448478266101246,0.6219854181042123,1.1237949117280719,0.5718619309093704,0.5505174498335091,1.3130565750014607,1.1849747692382673,1.1646892026784155,0.796211820533496
e_normal_rot90,0.8244624595510195,0.9780300941063592,0.6522912406453006,0.7389764109697556,0.9823413878182649,0.9347611666039339,0.8161104180763983,0.5687503230986443,1.1868504380854574,0.9333318681919863,0.7329230542266504,0.889158014318926,0.5155650160553319,1.2532442031172897,0.7479011173633069,0.9382560525902738,1.0249556356554113,0.601421418885536,0.9488078817583075,0.5464631123537456,0.5921208655886999,0.5036335668811399,0.4663382141400964,0.4469138325322165,0.6073002242407638,0.44855174139264614,0.0,1.5787218038480284,0.8705405717058747,0.5608367574233336,0.7527353011981818,0.790445246688737,0.882689453604622,1.1599686104204527,1.036562680215069,0.8019986875408096,1.1647945121062762,0.7688186517550957,0.7325658697899733,0.6107330791709106,1.4038621437582044,1.427537542735147
f_normal,0.8202210285871773,0.8031247496198765,0.7541097528754575,0.8823349463229765,0.5887722718472492,0.5878284863435177,0.5305736710402917,1.3004348775067411,0.6806654109355263,0.46594963416344276,1.2437707762929375,0.8058463526621229,0.5918116963302924,0.6320345936364883,0.6169563329758726,0.7760794434331785,0.6029666608876215,1.5523082959456542,1.224512996870545,0.8778040376423379,0.6383858970994932,1.2053631589295963,1.281192027333342,1.0228145108785767,0.910483498529554,0.9928623953345237,1.5787218038480284,0.0,0.37334036000872045,0.30056399394563643,0.42153462607301345,0.4678727186113084,0.6739519444933864,0.5925247419535287,0.43601962693159935,0.5469924846706763,0.5733304135244078,0.6110553349589203,0.8243799759329655,0.7220901101973991,0.6147053453958733,0.6406665301838603
f_large,0.7901439484927448,0.6362427925940827,0.857855887781406,1.2426078040609114,0.601827620383696,0.8768471575628964,0.5246452748955092,0.6480032370656988,0.6758863946978525,0.5687940998884244,0.9053575209787201,0.5980979883926204,0.6432125913916359,0.6137432999296771,0.5043732909447332,0.7884942598565851,0.4212383749400129,1.0672212598290338,0.7898973329055686,1.0006189107610657,0.7786492173413719,0.8820034294734715,1.3113934079448653,1.2234832974070218,1.00656329801923,1.1363534423432964,0.8705405717058747,0.37334036000872045,0.0,0.227216634429664,0.2816558012978084,0.3107039255195235,0.30757572108454306,0.4338218883860212,1.0054385127972052,0.6457315560202185,0.7635756833392385,1.379488212245469,1.0032561493866223,0.752052625631609,0.8425518344115112,0.8707870561948976
f_normal_flip_h,0.8985529229552671,0.9038138923464178,0.9165270542683023,0.5714455275078505,0.9592866738477033,0.8939656226490893,0.6807709889939927,0.6483097528817822,0.8535552289324737,0.7962156528585438,1.2832021713383415,1.0487366433180374,0.40792247019333844,0.5864983379018966,0.38902465419111076,0.8763864666311076,0.501378594388621,1.1329430638880216,1.0397969468056734,0.8262106142349654,0.9139732646471778,0.8016326297812304,0.9515439875321143,1.0863579315676004,0.9990818264414211,0.8666250004047331,0.5608367574233336,0.30056399394563643,0.227216634429664,0.0,0.3239385083943923,0.3149849260833456,0.3939845431324663,0.6525769124299582,1.1433118274777183,0.8750069361459144,0.7687090201621939,0.7501810798962506,0.5255136044001184,0.830072129613029,0.6282972393937837,0.5081058446307617
f_normal_flip_v,0.9137555922933887,1.119305344082922,0.6326000214554381,1.0364430900203923,0.7045919189622508,0.9166908681262966,1.159855446033285,0.6770869407400346,0.9824422953123444,0.9464105894784609,1.4981945056202404,1.2241541334783457,0.5905886661486148,0.6890021717314192,0.6948914100095813,0.44420886500597284,0.3760129019529449,1.1566468190645276,1.0824668529118397,1.2140661321421278,0.5535319508065659,0.9038905898871527,1.0625860020891864,0.953677518245816,0.8371317904699724,0.6199191239337879,0.7527353011981818,0.42153462607301345,0.2816558012978084,0.3239385083943923,0.0,0.3341490475491839,0.8743212362899615,0.6150228209807354,1.5670964977977861,1.0070088463023648,0.6945001228452881,0.9143673577533045,0.7352985414913009,0.5886210785605182,0.44882100565962196,0.9225321481082539
f_normal_rot90,0.6973695913786042,0.9917947617377433,0.6683118366046982,0.9537452325796626,0.6079792509695753,0.7699033172968356,0.4192922881711104,0.5812912116655068,0.5169592480690507,0.5450974116570152,0.9317755165802899,0.394400120060953,0.36767170312484543,0.43073807665307573,0.443172277015929,0.6548470635488318,0.28819939141224293,0.8718965047721572,1.2995140157593674,0.7897962857052874,0.8178479084045815,0.7456624757051529,1.1634211384458009,1.1992448752073699,0.9457379703768559,0.9298876945705613,0.790445246688737,0.4678727186113084,0.3107039255195235,0.3149849260833456,0.3341490475491839,0.0,0.7315866563607645,0.7422114363397272,1.263796621868286,0.8307524066862289,1.4241464437324052,0.8904745234252497,0.6941347174893615,0.999356373343851,0.5815967354842604,0.5737915503555873
h_normal,1.0525367711826894,0.8014821929897915,0.909987133225734,0.9432026708719216,1.1526246652719343,1.0485171733730785,0.4164964763636892,0.9060789266190531,0.7978529982623721,0.8073988480476781,1.4699234962124546,0.9100578651878689,1.3729443112834825,0.9600428970479451,0.5591104307392987,1.2661723025495832,0.4877417195740025,1.4506509226134798,1.397914866955528,1.0077809346256978,0.8576607145186553,0.8842001529818196,0.7413420290060699,0.8784895709830228,1.2271595831492907,0.9216328557335347,0.882689453604622,0.6739519444933864,0.30757572108454306,0.3939845431324663,0.8743212362899615,0.7315866563607645,0.0,0.2991143650708152,0.458119273755573,0.34141348916374764,0.46659022839527553,0.4951205540944196,0.5853889848252481,0.5487005484772338,0.738362147777555,0.6112901523324399
h_large,0.6452233589145772,0.409817979363072,0.9071184274526988,0.7127422990259331,0.5030752132817837,1.1626019574668105,0.41498192788694166,0.7760520385205382,0.6846298508701745,0.46882597703020873,0.8737062576114552,0.40580248740944636,0.9926440561297304,0.8226137014015918,0.6221683934925212,1.24116599565091,0.6838016814637486,0.9743432507406258,1.124299227700964,0.7773585264922476,0.7892381610308581,1.1847868796624672,1.190562263021183,0.552317970328222,0.6500097785823524,0.9448478266101246,1.1599686104204527,0.5925247419535287,0.4338218883860212,0.6525769124299582,0.6150228209807354,0.7422114363397272,0.2991143650708152,0.0,0.41535602206951094,0.3069907805407012,0.3732481941590006,0.6320421082535024,0.5203800990279065,0.4950704470313094,0.6902901347906016,0.6082063728134623
h_normal_flip_h,0.7723105795482947,0.6166087754163517,0.8483546414054997,0.7841545551074923,0.7587966233467848,0.49473157436475773,0.46304315674808033,0.5822278204241367,0.6744766512918772,0.6460325891807082,0.5648339641173615,0.581676134034635,0.9258491034730937,0.8877292256550301,1.3209811961030833,0.5701447068261611,1.0365103414657044,1.3440566465772978,1.206793471518275,0.8249471023562505,0.7650973365510173,0.8485655560440142,0.8789089794539251,0.78326162000501,0.7444721100355627,0.6219854181042123,1.036562680215069,0.43601962693159935,1.0054385127972052,1.1433118274777183,1.5670964977977861,1.263796621868286,0.458119273755573,0.41535602206951094,0.0,0.38373949029474136,0.3666367590518709,0.7420779808754093,1.5768339446122581,0.7760235562780375,0.8735776428629911,0.9278082580059575
h_normal_flip_v,0.49065202340107,0.5075963878254589,1.111224550666708,0.5243967512458757,0.6268256946325046,0.6896543060274718,0.5561776069752785,0.5137635750711859,0.8143006559168053,0.37327612982946917,0.5088803158392778,0.6412337916216988,0.7988909393322406,0.559325440500978,0.45692298482080945,0.7138326360854649,0.6618925493656141,0.916578411523731,1.3280943898691449,1.1275875937405762,0.5656840238870102,0.8523940185867448,1.1744855908866354,1.0143026569233409,1.0737638344859166,1.1237949117280719,0.8019986875408096,0.5469924846706763,0.6457315560202185,0.8750069361459144,1.0070088463023648,0.8307524066862289,0.34141348916374764,0.3069907805407012,0.38373949029474136,0.0,0.42842732455221183,0.490495057782935,0.5296378396768869,0.6696741268404762,1.0547120217897061,0.8535086997856527
h_normal_rot90,1.2634635231333171,0.5560770459725956,0.461677029981795,0.5935125869830075,0.7119724330586359,1.0045162455839103,0.9283725816788047,0.8440792357870062,0.42080296697373465,0.5951052184129741,1.0172527755213319,0.5295202145945878,0.9153529233800024,0.8866339288591044,1.0714364183379714,0.8356145841937568,0.6251358542189849,0.7689003569192876,1.0996859074242205,1.0331825912803816,0.8170232027394054,0.8875260100929852,1.0500030523551969,0.7155249389199524,0.6049622971682739,0.5718619309093704,1.1647945121062762,0.5733304135244078,0.7635756833392385,0.7687090201621939,0.6945001228452881,1.4241464437324052,0.46659022839527553,0.3732481941590006,0.3666367590518709,0.42842732455221183,0.0,0.9979641575250879,1.2884624163523322,0.5212911060030077,0.37822245526282544,0.36726031008803617
k_normal,0.8367083210814859,0.7454515943595919,1.1492424656406017,1.2066242026514034,0.8728635400499632,1.532282212211727,0.7230375568345593,0.5884564006354119,0.8443574080728904,0.6659777282043876,1.1822264964433207,0.5742887780119998,0.5819769380273905,0.9251442728096713,0.7683889366194409,0.7447964702426111,1.145222120466466,0.7128209035793668,0.8919640785748184,0.9730487200456033,0.84853911468426,1.082444376216709,0.8110001141305211,0.9812791573501523,0.5799228765583062,0.5505174498335091,0.7688186517550957,0.6110553349589203,1.379488212245469,0.7501810798962506,0.9143673577533045,0.8904745234252497,0.4951205540944196,0.6320421082535024,0.7420779808754093,0.490495057782935,0.9979641575250879,0.0,0.3795123972799045,0.28696794770660305,0.42212501738923724,0.37971377420549657
k_large,0.7011741674494277,0.7794688723998637,1.0636696060540567,0.9208820611259515,0.7559413937496443,1.5731860812132241,0.5042816401162871,0.9716298512430124,0.937764882733403,0.7273038566147674,1.4558958284791026,1.048654092222922,0.8426695341972386,1.0504819134050856,0.6845432343990545,1.2048531156199993,0.9235664033511578,0.6887742131607713,0.9450095369668539,1.3194330222389938,1.132113660044381,1.023832184400525,1.047679146872383,1.4177090904493073,0.922252405677011,1.3130565750014607,0.7325658697899733,0.8243799759329655,1.0032561493866223,0.5255136044001184,0.7352985414913009,0.6941347174893615,0.5853889848252481,0.5203800990279065,1.5768339446122581,0.5296378396768869,1.2884624163523322,0.3795123972799045,0.0,0.3629685702175228,0.3020998783291459,0.3620456024329769
k_normal_flip_h,1.0090450210967472,0.6561223797759982,0.7670010860728235,0.6945498303844134,0.949208844009131,1.001221418397602,0.636193222157679,0.922703890655611,0.6891111008845014,0.69732921752581,1.1897814619146496,0.849515805026137,1.1021900292221571,0.9508877978366425,0.5789796674189199,0.9545199073533652,0.777581422767256,0.9185708102972164,0.6938070675463354,1.364050397091218,0.6543774299045951,0.824847531444475,0.9310040028647221,0.9386879048213649,1.411120864055893,1.1849747692382673,0.6107330791709106,0.7220901101973991,0.752052625631609,0.830072129613029,0.5886210785605182,0.999356373343851,0.5487005484772338,0.4950704470313094,0.7760235562780375,0.6696741268404762,0.5212911060030077,0.28696794770660305,0.3629685702175228,0.0,0.2860972379726521,0.4960029499525671
k_normal_flip_v,0.9252831065743939,1.0318089502747905,1.083455375632213,0.6059668240931926,0.7965497620528814,1.5310491380158433,0.5402690406682032,0.8106396367873243,0.553242947381081,0.5985778879108992,1.039841859675355,0.8149208262360812,1.4451986695532748,0.8493569158482487,0.968610049500628,0.8070714440168292,0.8063437285418038,0.9147408645607868,0.9357112657547443,1.1217414632069185,1.042874978977208,0.9427941961562525,0.9210561809460219,1.2998847634515396,1.338738269141583,1.1646892026784155,1.4038621437582044,0.6147053453958733,0.8425518344115112,0.6282972393937837,0.44882100565962196,0.5815967354842604,0.738362147777555,0.6902901347906016,0.8735776428629911,1.0547120217897061,0.37822245526282544,0.42212501738923724,0.3020998783291459,0.2860972379726521,0.0,0.34988696845575024
k_normal_rot90,0.8225996632689878,1.0871685866807823,0.8104262882817956,0.7881788609281147,0.8202255695030478,1.345858218142619,0.8981899853483105,0.7560871288748304,0.7626407605510686,0.7256308799080068,0.6187314471854334,0.8554254163355871,0.8752674183039792,0.634896840238763,0.5182024814180652,0.8343081967409836,0.5592394522126275,0.7171251695716875,1.0449618975312287,1.5042575513405438,1.3409668588620411,1.0690430327501728,0.9356871204968982,0.8906499501162833,1.3212048170057424,0.796211820533496,1.427537542735147,0.6406665301838603,0.8707870561948976,0.5081058446307617,0.9225321481082539,0.5737915503555873,0.6112901523324399,0.6082063728134623,0.9278082580059575,0.8535086997856527,0.36726031008803617,0.37971377420549657,0.3620456024329769,0.4960029499525671,0.34988696845575024,0.0
