,b_normal,b_large,b_normal_rot90,d_normal,d_large,d_normal_rot90,q_normal,q_large,q_normal_rot90,p_normal,p_large,p_normal_rot90,r_normal,r_large,r_normal_flip_h,r_normal_flip_v,r_normal_rot90,a_normal,a_large,a_normal_flip_h,a_normal_flip_v,a_normal_rot90,e_normal,e_large,e_normal_flip_h,e_normal_flip_v,e_normal_rot90,f_normal,f_large,f_normal_flip_h,f_normal_flip_v,f_normal_rot90,h_normal,h_large,h_normal_flip_h,h_normal_flip_v,h_normal_rot90,k_normal,k_large,k_normal_flip_h,k_normal_flip_v,k_normal_rot90
b_normal,0.0,0.3322780899040369,0.6340096618489314,0.3459528079278133,0.3938379316866353,0.5795038571265224,0.41238551796545053,0.45730336752391587,0.6303277984090927,0.37801396993944514,0.520503315913486,0.5702037289396997,1.4285895254800536,1.1663600030501684,1.2008625205610324,1.1263731761792084,1.3451352280891529,1.2092453358649948,0.9434395969700975,1.035507161537698,0.8880078608266998,0.8820798028538849,1.2298054189419056,0.8998633779804573,0.9257604089358498,1.2955649735135142,1.1007940155222788,1.1797384531466006,1.4377057891264897,1.0571853580849961,1.5205784196229621,1.2237329818760965,0.42963443751799746,0.4651537565619357,0.7962734634901626,0.8442880303659399,0.7564073358194133,0.7081516389671976,1.0236642673536451,1.6286778659958363,1.1273850269472172,1.324415957684438
b_large,0.3322780899040369,0.0,0.6236997473772118,0.3651393160626034,0.418310912777895,0.7254164628741009,0.6462714648307782,0.5983823910586479,0.6910435461918236,0.4526081465475197,0.4368593042321379,0.737786713868238,1.4236955679807353,1.3659394777286862,1.339973886465956,1.439162862268832,1.0599099086420707,0.8305463683736428,0.9927822734878108,0.8747653356692302,1.297914000299258,1.045344587792818,0.9436475612941931,0.9127221018452657,1.202306219733833,0.9316493795657533,0.845639089885085,1.0199102623053953,1.2958704006159314,1.571302018651452,1.3272383708506617,1.5337885946561498,0.5118334774961019,0.5137460108322051,0.5263058736204779,0.853009355643171,0.7728745054087433,1.207313597880746,1.3509806261671078,1.3909463991338065,1.4254797287712904,1.2384919723378525
b_normal_rot90,0.6340096618489314,0.6236997473772118,0.0,0.5057277327402168,0.41587190003889896,0.2964580571099865,0.8710560618228469,0.7161635827315133,0.3070236549832339,0.9805726969928436,0.7749027586817393,0.5386263360406475,1.0460024339604999,1.1475572344006102,1.3052497016484086,1.055636287543059,1.1685311695392129,0.9608884446577219,1.3265035850224414,1.1634284656913552,1.2766563981932373,0.7799627866382528,0.8778632639521396,0.803152712871281,1.2225984203757254,1.321524426226231,0.6610932706169663,1.206709640406641,1.5686569076075991,1.4049768675663115,1.3492040201461883,1.2653787789489523,0.6570744560269185,0.7810944401840488,0.4044905963528624,0.8618500915837153,0.7084883357540656,1.1827454713038847,1.176126580281458,1.1819653974106776,0.8360844401995402,1.0799794250473198
d_normal,0.3459528079278133,0.3651393160626034,0.5057277327402168,0.0,0.4959318254058806,0.5723474855675226,0.6481113748418508,0.5896922481239023,0.5906480138009657,0.4658539808215946,0.6171645405107561,0.5053852453077056,1.4533187804420051,1.3359876195314369,1.1460366638982722,1.1888448196158614,1.4527998124733095,0.687212195899422,0.633931877005028,1.0351836340533886,1.2970525044519718,0.9479805352470889,1.167644344360187,1.1913889132518567,1.20967286180614,1.0514515102079294,1.1876365890180667,1.2229480077600012,1.1934281544982783,1.275083849502516,1.4733807466309272,1.351185202947459,0.7665328795262284,0.7655000739529435,0.5243715284693681,1.0424267675269978,1.1008774966055817,1.0531206888387177,0.7934232160685945,1.2420059728737802,1.0283249861017119,1.3075156296593162
d_large,0.3938379316866353,0.418310912777895,0.41587190003889896,0.4959318254058806,0.0,0.7278524886976523,0.6954465229116118,0.6102548608681035,0.6344688240724037,0.6948138452865033,0.6015920236037454,0.41649171891982406,0.8768809313673234,1.1864787370825578,1.6752227039574363,1.3534148302672744,1.2358439442819595,0.9451921704350275,0.7605679300946074,0.9247996837351323,1.1077867652782214,0.9537983365315752,1.610438370521184,1.3512016549153572,1.1624896130917275,1.5345225446051516,1.2077930063150488,0.8632069394863291,1.229630208266851,1.4695454009888698,0.9758858714657496,1.1965726060997428,0.6887576009915981,0.6707563661953729,0.9049418995903867,0.8532843771065203,0.9387582322516239,1.449521012128502,1.3142690845984915,0.8366061967332,1.4615550481987605,1.0550749136516466
d_normal_rot90,0.5795038571265224,0.7254164628741009,0.2964580571099865,0.5723474855675226,0.7278524886976523,0.0,0.5368756223464923,0.5926408845247673,0.359385155732041,0.6582462178198824,0.5323535628906246,0.5760958549437721,1.1431087582331565,0.7898907962272591,0.9061224008076647,0.9844872805631966,1.4929221902277419,1.0552662685230052,1.1066521041921764,1.0051872693373818,1.209228853823685,0.7837808963938833,1.1847768713685363,0.8680777511822151,0.8543364800706714,1.085925882316713,0.8881892107257428,1.137108253973659,0.9387708052717268,1.3385389850345,1.216287966662104,1.2500018355239066,0.8150933093727597,1.0417228439054744,0.651468516407988,0.5588937970394308,0.5629978013267726,1.1161734301867763,1.3014291368156377,1.0000925697521954,1.0067212600950295,1.0390994688880784
q_normal,0.41238551796545053,0.6462714648307782,0.8710560618228469,0.6481113748418508,0.6954465229116118,0.5368756223464923,0.0,0.42382214583210465,0.773201391791897,0.3925094386753737,0.41745877252167396,0.6064737929852583,0.9316048799901169,1.3645151038372108,1.3460610449268353,1.183760941581462,1.068960215324027,1.281346165227928,1.1639652421130815,1.1224303875739856,1.1918337440391602,1.6554658315750923,1.3477534053224283,1.4609002643036786,0.6229798432412538,1.0445020121780921,0.7186623086291439,1.311855662880862,1.278298833041693,1.0470824657019775,1.0312570601682665,1.1971026413471302,1.1007331336049289,1.2154059441111231,0.6910681427475915,0.4820174752257303,0.8137119244925484,0.9294688722138402,1.1729390833077957,1.2930765846534402,1.4824382269516752,0.993622236096281
q_large,0.45730336752391587,0.5983823910586479,0.7161635827315133,0.5896922481239023,0.6102548608681035,0.5926408845247673,0.42382214583210465,0.0,0.5530077546180548,0.32800459443163327,0.42151828089048937,0.580037048565121,1.5325024847498772,1.361806342579995,1.0305146898778919,1.2282063290309075,1.3622693821665415,0.8104985599669597,0.6937363598790918,0.8226450493144943,0.9692724798993126,0.5419355138368342,0.8332372602870264,0.9502259882587307,0.9063153689665918,0.7786248615161302,0.6938106041034001,1.1952258558087259,1.3013212278605049,1.2210786460688343,1.0694658967806316,1.1074490901341774,0.6526190798784612,0.5462990489784455,0.541663009951421,0.9009541047499737,0.9094514405569756,1.4823483077393516,0.9929452289809466,1.5451027412126908,1.5903637618558364,1.3413602647543317
q_normal_rot90,0.6303277984090927,0.6910435461918236,0.3070236549832339,0.5906480138009657,0.6344688240724037,0.359385155732041,0.773201391791897,0.5530077546180548,0.0,0.644903681558571,0.5374835345239076,0.4695153416790346,0.9343068009453553,1.2236958114634544,1.5078045764148487,0.7769254661779647,1.3332901689789025,0.905158930322632,0.7158840396778957,1.033294319654875,1.1074763516254933,0.8719861715005013,0.5097698076676428,1.5564751449905376,0.8804102327406829,1.0284751088763349,1.2010258418263982,1.0635462531271784,1.0210183869599447,1.433417504340729,1.2242126184022588,1.3039999034737946,0.6170989322133742,0.8882084368382959,0.901308066835432,0.8335995251441956,0.9482215268247836,1.5174825339037474,0.9156771349260724,1.1258301965194035,1.1048243058555713,1.1546825403913255
p_normal,0.37801396993944514,0.4526081465475197,0.9805726969928436,0.4658539808215946,0.6948138452865033,0.6582462178198824,0.3925094386753737,0.32800459443163327,0.644903681558571,0.0,0.35332904050915526,0.46526387790783885,0.9949336597851804,0.8450527130350931,1.2095896209822623,1.306064494346709,1.1019436646826835,0.8777960487357589,0.6422864703359762,1.246070611810542,0.848700765067502,0.8700252155829278,1.1418290486817437,1.3645064407393088,1.1159912506851126,0.8112408017726144,1.1346150241568935,1.0405907363141953,1.3486609411696433,0.8700580571009783,1.1189770264444887,1.3155645657505102,0.5127985460105899,0.648431949876504,0.6597170062131908,1.2205083937701555,1.219955976914792,1.4502574497991794,1.2770319094450466,1.4876472418268891,1.597035379189585,1.4964810144657557
p_large,0.520503315913486,0.4368593042321379,0.7749027586817393,0.6171645405107561,0.6015920236037454,0.5323535628906246,0.41745877252167396,0.42151828089048937,0.5374835345239076,0.35332904050915526,0.0,0.600898036782832,1.4755521543707593,1.2007865942821194,1.3357522291432984,1.219929612971323,1.287507590122736,0.8415367468435538,1.1480803791211278,1.0294294373767727,1.0788620818616634,1.1653225886164424,1.0567635195569398,1.1732630607764865,1.1076587236475839,0.9464566826088984,1.0086253263969036,1.2203724049369082,1.5937992040492017,1.0287457813747696,0.9987003998955878,1.3923791388026245,0.974831539739481,0.5623434858465829,0.9479699841031877,0.7465626256742304,0.9043830402208202,1.3141172385666295,0.9703489959117746,1.201969960535509,1.2814916359627708,1.4529311647335998
p_normal_rot90,0.5702037289396997,0.737786713868238,0.5386263360406475,0.5053852453077056,0.41649171891982406,0.5760958549437721,0.6064737929852583,0.580037048565121,0.4695153416790346,0.46526387790783885,0.600898036782832,0.0,1.0677171066831692,1.0597723561428147,1.4158348559478355,1.1311258315422512,0.9835892039169276,0.8459100500299513,0.9723276831505294,0.7575936928494921,0.8084634941477629,0.7878239937679992,1.2887808231736735,1.6003255427237977,1.1614774369526104,0.8296390320838358,0.9777547626778931,1.495588096813746,1.1087135508724848,1.066269242274947,1.2207335739623526,1.2519281035739573,0.6867328793091795,0.7690872140134646,0.5974292625279897,0.932977038492102,0.8396171117366352,1.0718258873968622,1.29790367173582,1.2436690671107014,1.4329689781677601,1.0671554272727268
r_normal,1.4285895254800536,1.4236955679807353,1.0460024339604999,1.4533187804420051,0.8768809313673234,1.1431087582331565,0.9316048799901169,1.5325024847498772,0.9343068009453553,0.9949336597851804,1.4755521543707593,1.0677171066831692,0.0,0.41190417543246316,0.547343115128257,0.7553615463905405,0.46248251757331416,0.8576960081801441,0.8647741843784199,1.6342819154800303,1.0507519930743041,1.3693529005533271,1.221692437795188,1.3939635398571513,1.597700094163366,1.1595636224013948,1.3048346122293264,0.502721991721589,0.5637418163645148,0.5810305402563078,0.609973165695188,0.578006649004545,1.1334167215169402,1.3632388210747828,1.4787838031087397,1.1097459004396146,1.0497135451672956,0.8863226664766839,1.271247580307929,1.1707487346206344,0.8726186651580545,0.7069500707540027
r_large,1.1663600030501684,1.3659394777286862,1.1475572344006102,1.3359876195314369,1.1864787370825578,0.7898907962272591,1.3645151038372108,1.361806342579995,1.2236958114634544,0.8450527130350931,1.2007865942821194,1.0597723561428147,0.41190417543246316,0.0,0.5874184175909601,0.6569681080357752,0.7035546852965453,0.9050165914693891,1.3738653343098688,1.3162686461371167,0.9531379710977363,1.1745716577878995,0.8287370034986514,1.1700228809232065,1.4963213105067168,1.0567483369468316,1.261996416166516,0.4491383864632006,0.516457631676128,0.6576125695006443,0.9402501166085008,0.9028638788877164,0.7276722493379865,0.8616857946010514,0.9832125714080429,0.7518853952450364,1.0258993480151417,1.397853932910184,1.269116155915127,1.415012681865027,1.385362822248394,1.218511567641425
r_normal_flip_h,1.2008625205610324,1.339973886465956,1.3052497016484086,1.1460366638982722,1.6752227039574363,0.9061224008076647,1.3460610449268353,1.0305146898778919,1.5078045764148487,1.2095896209822623,1.3357522291432984,1.4158348559478355,0.547343115128257,0.5874184175909601,0.0,0.47358529734019206,0.43363695099320143,1.3633656959415585,1.6119192469773311,1.5007359818662647,1.1285023332808046,1.3774401537846215,0.9430962172646077,1.6360912001220775,1.5518251427487266,0.9874826818279004,1.5430454815129155,0.5366174207395891,0.46339499950085267,0.3828174877618477,0.505287390999833,0.6633829042173128,0.8957218710490972,1.0098158150142627,1.2262538557498952,1.219256782184357,0.9833387222548982,0.6605981666879711,0.9264889354841072,0.9135515141275077,1.0809088701629546,0.9946777740695012
r_normal_flip_v,1.1263731761792084,1.439162862268832,1.055636287543059,1.1888448196158614,1.3534148302672744,0.9844872805631966,1.183760941581462,1.2282063290309075,0.7769254661779647,1.306064494346709,1.219929612971323,1.1311258315422512,0.7553615463905405,0.6569681080357752,0.47358529734019206,0.0,0.6361049041799487,1.1892563188821779,1.213587728835698,1.5961015487955954,1.520821317589971,1.1306051708587597,1.508076584379172,1.2432153085002209,1.4856118572310875,1.4798490930359363,1.4753307944948655,0.44977252287153763,0.6835696535024719,0.5204157555254368,0.36042769333837255,1.0029326606584548,0.6355088584196787,0.9368559268305146,0.8362189505164664,0.8843272799622544,0.6594956391149623,0.4646229828069807,1.2066378345691504,1.1081598379378914,1.1127631400729712,1.012935319876817
r_normal_rot90,1.3451352280891529,1.0599099086420707,1.1685311695392129,1.4527998124733095,1.2358439442819595,1.4929221902277419,1.068960215324027,1.3622693821665415,1.3332901689789025,1.1019436646826835,1.287507590122736,0.9835892039169276,0.46248251757331416,0.7035546852965453,0.43363695099320143,0.6361049041799487,0.0,1.2526352935513863,1.2762030396270918,1.4864656396283846,1.4381282459624298,1.344708391472403,1.6160264585448638,1.2487922613859874,1.5043761551307502,1.42814703625745,1.6181561156596962,1.0735656880494007,1.0128593294975505,0.9456182399921366,0.4933844224203515,0.5781908461399831,1.1472273169508616,1.5879490274864512,1.5945942986419515,1.1978042323740596,1.0091455477596505,0.6417423497039325,1.3591831400587253,1.1755278681771855,1.3671662687847972,0.9145853707135138
a_normal,1.2092453358649948,0.8305463683736428,0.9608884446577219,0.687212195899422,0.9451921704350275,1.0552662685230052,1.281346165227928,0.8104985599669597,0.905158930322632,0.8777960487357589,0.8415367468435538,0.8459100500299513,0.8576960081801441,0.9050165914693891,1.3633656959415585,1.1892563188821779,1.2526352935513863,0.0,0.4122425926974812,0.4648763826095871,0.43040859423916217,0.48804612288554355,0.44220852978338177,0.5200719322810767,0.44742891734155243,0.47687764546366546,0.5823289021572758,1.3737297636904824,1.423947374454278,1.4113537240944019,1.3907338243376595,1.2219036687736424,1.0810139983055793,1.5425545678430297,1.1776380789325334,0.9927117430879755,1.3230370305124566,1.2498521812564614,1.1576998799674383,1.1911265293610827,1.1687679279648746,1.3804632834290278
a_large,0.9434395969700975,0.9927822734878108,1.3265035850224414,0.633931877005028,0.7605679300946074,1.1066521041921764,1.1639652421130815,0.6937363598790918,0.7158840396778957,0.6422864703359762,1.1480803791211278,0.9723276831505294,0.8647741843784199,1.3738653343098688,1.6119192469773311,1.213587728835698,1.2762030396270918,0.4122425926974812,0.0,0.3341723117885488,0.3333654255123606,0.4915170593798513,0.5929780123505466,0.4798754227830845,0.4530511602339278,0.4794238217249302,0.5732089855124577,1.3299857147246825,1.2163177951739372,1.1042848952195528,1.037417511986182,1.4828495843547538,1.0651546563932601,1.1021654280533553,1.111802379083211,1.4187065161730112,1.4476611821743535,1.5216323823366271,1.2929247107055208,1.340598539698036,1.3949544022717206,1.290280693025803
a_normal_flip_h,1.035507161537698,0.8747653356692302,1.1634284656913552,1.0351836340533886,0.9247996837351323,1.0051872693373818,1.1224303875739856,0.8226450493144943,1.033294319654875,1.246070611810542,1.0294294373767727,0.7575936928494921,1.6342819154800303,1.3162686461371167,1.5007359818662647,1.5961015487955954,1.4864656396283846,0.4648763826095871,0.3341723117885488,0.0,0.3127050378390372,0.43353382132443813,0.6181770150476804,0.6291509395789499,0.44720161782229956,0.3863472667619861,0.5177633933208076,1.3569657407271187,1.4033517102032445,1.7041585401053732,1.521715330114172,1.308124921373565,1.106483453274361,0.9437334134497046,0.9197693827583188,1.1202662786675759,1.3446442735089636,1.1543236367392755,1.138362496258355,0.980473542791755,1.030170562360377,1.5195981545260506
a_normal_flip_v,0.8880078608266998,1.297914000299258,1.2766563981932373,1.2970525044519718,1.1077867652782214,1.209228853823685,1.1918337440391602,0.9692724798993126,1.1074763516254933,0.848700765067502,1.0788620818616634,0.8084634941477629,1.0507519930743041,0.9531379710977363,1.1285023332808046,1.520821317589971,1.4381282459624298,0.43040859423916217,0.3333654255123606,0.3127050378390372,0.0,0.4105707896821149,0.5514752050290329,0.555947601826104,0.4323500055490776,0.35681850239114654,0.5426403645608524,1.484105329942836,1.2631113211070948,1.543950709915768,1.737563831699207,1.4062345425278528,1.179749634076333,1.3850323572895982,1.1584572721743207,1.3326520834690019,1.39579602161231,0.8261707266942759,0.8313722659200858,1.0561742878357108,0.8681206786245848,1.5367156851567825
a_normal_rot90,0.8820798028538849,1.045344587792818,0.7799627866382528,0.9479805352470889,0.9537983365315752,0.7837808963938833,1.6554658315750923,0.5419355138368342,0.8719861715005013,0.8700252155829278,1.1653225886164424,0.7878239937679992,1.3693529005533271,1.1745716577878995,1.3774401537846215,1.1306051708587597,1.344708391472403,0.48804612288554355,0.4915170593798513,0.43353382132443813,0.4105707896821149,0.0,0.7365745162003092,0.8353812420779388,0.3826045621559005,0.4610193580956425,0.576269823603243,1.3046960886219332,1.036466274208408,1.3785847119873167,0.9164304588395107,1.2517099163950869,0.9080567712909778,1.3791945159371268,1.2697774143322396,1.550635108434268,1.4940766194759916,1.0732005947199863,1.5529710017384912,1.1116880734648815,1.5529477627916792,1.0717549662556614
e_normal,1.2298054189419056,0.9436475612941931,0.8778632639521396,1.167644344360187,1.610438370521184,1.1847768713685363,1.3477534053224283,0.8332372602870264,0.5097698076676428,1.1418290486817437,1.0567635195569398,1.2887808231736735,1.221692437795188,0.8287370034986514,0.9430962172646077,1.508076584379172,1.6160264585448638,0.44220852978338177,0.5929780123505466,0.6181770150476804,0.5514752050290329,0.7365745162003092,0.0,0.3253522900291491,0.32918656591055423,0.31370307385012686,0.4811583451066284,1.3405551706229577,1.239059229289081,0.8250140895496964,1.40773535835324,1.1776829914346265,1.230608979140456,1.3225171293055373,1.428760242732455,1.3534359084291567,1.4940680493205611,1.1467061525280502,1.3468148213095985,1.2515954899137198,1.388253353505924,1.3335998024576177
e_large,0.8998633779804573,0.9127221018452657,0.803152712871281,1.1913889132518567,1.3512016549153572,0.8680777511822151,1.4609002643036786,0.9502259882587307,1.5564751449905376,1.3645064407393088,1.1732630607764865,1.6003255427237977,1.3939635398571513,1.1700228809232065,1.6360912001220775,1.2432153085002209,1.2487922613859874,0.5200719322810767,0.4798754227830845,0.6291509395789499,0.555947601826104,0.8353812420779388,0.3253522900291491,0.0,0.4216965767047884,0.3756958298421238,0.5327491026907227,1.1504781726391287,1.266516924183323,1.6152680950873288,0.9819754119537752,1.5465137689164474,1.0388545621872793,1.3238345435970305,1.0903162461331906,0.8232217847284358,1.4772546498133101,1.1089004798561999,1.2612740646016334,1.206055215631695,1.1289611925724377,1.2775875931016896
e_normal_flip_h,0.9257604089358498,1.202306219733833,1.2225984203757254,1.20967286180614,1.1624896130917275,0.8543364800706714,0.6229798432412538,0.9063153689665918,0.8804102327406829,1.1159912506851126,1.1076587236475839,1.1614774369526104,1.597700094163366,1.4963213105067168,1.5518251427487266,1.4856118572310875,1.5043761551307502,0.44742891734155243,0.4530511602339278,0.44720161782229956,0.4323500055490776,0.3826045621559005,0.32918656591055423,0.4216965767047884,0.0,0.41974026307778,0.5532788766176615,1.429320587154847,0.9892406221591061,1.337114097970845,1.4790454735460878,1.2754731081951345,0.9988591964218544,1.3975720499772595,0.950616385182334,1.043689453842149,1.213124168499268,1.316671291204933,1.2803186112290925,1.1724950608513367,1.2542286694646276,1.4140919400080014
e_normal_flip_v,1.2955649735135142,0.9316493795657533,1.321524426226231,1.0514515102079294,1.5345225446051516,1.085925882316713,1.0445020121780921,0.7786248615161302,1.0284751088763349,0.8112408017726144,0.9464566826088984,0.8296390320838358,1.1595636224013948,1.0567483369468316,0.9874826818279004,1.4798490930359363,1.42814703625745,0.47687764546366546,0.4794238217249302,0.3863472667619861,0.35681850239114654,0.4610193580956425,0.31370307385012686,0.3756958298421238,0.41974026307778,0.0,0.41918189845635095,1.4360329404908838,1.386870945984396,1.0454702665757531,1.3060196438619738,1.360654784733398,1.1790908295185152,1.63919456817631,1.28178451953317,1.1614405212959062,1.1503781444613521,0.9479135878746023,1.395094499921492,1.044853605811643,1.3211539592194508,1.5399221312749003
e_normal_rot90,1.1007940155222788,0.845639089885085,0.6610932706169663,1.1876365890180667,1.2077930063150488,0.8881892107257428,0.7186623086291439,0.6938106041034001,1.2010258418263982,1.1346150241568935,1.0086253263969036,0.9777547626778931,1.3048346122293264,1.261996416166516,1.5430454815129155,1.4753307944948655,1.6181561156596962,0.5823289021572758,0.5732089855124577,0.5177633933208076,0.5426403645608524,0.576269823603243,0.4811583451066284,0.5327491026907227,0.5532788766176615,0.41918189845635095,0.0,1.4667794197940491,1.4119872652540713,1.5986010007723634,1.5720270539875894,1.5386084800544313,1.347893901084547,1.454762446149727,1.2959785643729398,1.1089646622993743,1.2818539156397262,1.289637305171541,1.549719054280154,1.296743239853511,1.4580477612502647,1.2693889161187704
f_normal,1.1797384531466006,1.0199102623053953,1.206709640406641,1.2229480077600012,0.8632069394863291,1.137108253973659,1.311855662880862,1.1952258558087259,1.0635462531271784,1.0405907363141953,1.2203724049369082,1.495588096813746,0.502721991721589,0.4491383864632006,0.5366174207395891,0.44977252287153763,1.0735656880494007,1.3737297636904824,1.3299857147246825,1.3569657407271187,1.484105329942836,1.3046960886219332,1.3405551706229577,1.1504781726391287,1.429320587154847,1.4360329404908838,1.4667794197940491,0.0,0.2938571450449006,0.35283969586975283,0.7192722319280787,0.42632969939566845,0.7858226705188531,0.6568651858811707,0.7904051049264984,1.225256669355797,1.1086051813895414,1.2708128793534055,1.3288638085004087,1.5002094673759616,1.1724493684780337,1.1948870781400407
f_large,1.4377057891264897,1.2958704006159314,1.5686569076075991,1.1934281544982783,1.229630208266851,0.9387708052717268,1.278298833041693,1.3013212278605049,1.0210183869599447,1.3486609411696433,1.5937992040492017,1.1087135508724848,0.5637418163645148,0.516457631676128,0.46339499950085267,0.6835696535024719,1.0128593294975505,1.423947374454278,1.2163177951739372,1.4033517102032445,1.2631113211070948,1.036466274208408,1.239059229289081,1.266516924183323,0.9892406221591061,1.386870945984396,1.4119872652540713,0.2938571450449006,0.0,0.47259098562765933,0.5769574208946316,0.48507905620253366,0.6063737470443329,0.8318863178473894,0.8672501484527421,1.3477792488530063,1.1466550722395543,1.0151003441334023,1.4778112974410453,0.9671496492959126,1.4373233643292296,0.8880270916296905
f_normal_flip_h,1.0571853580849961,1.571302018651452,1.4049768675663115,1.275083849502516,1.4695454009888698,1.3385389850345,1.0470824657019775,1.2210786460688343,1.433417504340729,0.8700580571009783,1.0287457813747696,1.066269242274947,0.5810305402563078,0.6576125695006443,0.3828174877618477,0.5204157555254368,0.9456182399921366,1.4113537240944019,1.1042848952195528,1.7041585401053732,1.543950709915768,1.3785847119873167,0.8250140895496964,1.6152680950873288,1.337114097970845,1.0454702665757531,1.5986010007723634,0.35283969586975283,0.47259098562765933,0.0,0.3602940559571826,0.679787744563318,1.1056984384051416,0.9955449796670193,1.2170589959483515,1.2635016112051005,1.1611643349954903,1.4238370646715512,1.194853887475281,0.9914318929724328,1.2010407767848814,1.059988986992081
f_normal_flip_v,1.5205784196229621,1.3272383708506617,1.3492040201461883,1.4733807466309272,0.9758858714657496,1.216287966662104,1.0312570601682665,1.0694658967806316,1.2242126184022588,1.1189770264444887,0.9987003998955878,1.2207335739623526,0.609973165695188,0.9402501166085008,0.505287390999833,0.36042769333837255,0.4933844224203515,1.3907338243376595,1.037417511986182,1.521715330114172,1.737563831699207,0.9164304588395107,1.40773535835324,0.9819754119537752,1.4790454735460878,1.3060196438619738,1.5720270539875894,0.7192722319280787,0.5769574208946316,0.3602940559571826,0.0,0.7277785167407251,1.3798130477829238,0.9788175015434559,1.5932444463628708,1.4295685826650528,1.261562342356817,0.8693751222420167,0.7226438815176071,1.1753610081970642,1.0473689430879005,0.617087883568884
f_normal_rot90,1.2237329818760965,1.5337885946561498,1.2653787789489523,1.351185202947459,1.1965726060997428,1.2500018355239066,1.1971026413471302,1.1074490901341774,1.3039999034737946,1.3155645657505102,1.3923791388026245,1.2519281035739573,0.578006649004545,0.9028638788877164,0.6633829042173128,1.0029326606584548,0.5781908461399831,1.2219036687736424,1.4828495843547538,1.308124921373565,1.4062345425278528,1.2517099163950869,1.1776829914346265,1.5465137689164474,1.2754731081951345,1.360654784733398,1.5386084800544313,0.42632969939566845,0.48507905620253366,0.679787744563318,0.7277785167407251,0.0,0.796199965694433,0.9094940005401564,1.185792777039768,1.2163605315282577,1.2394717080792281,1.226416353989186,0.9739592522611665,1.5452825849301042,1.193577110620682,1.1665080474838874
h_normal,0.42963443751799746,0.5118334774961019,0.6570744560269185,0.7665328795262284,0.6887576009915981,0.8150933093727597,1.1007331336049289,0.6526190798784612,0.6170989322133742,0.5127985460105899,0.974831539739481,0.6867328793091795,1.1334167215169402,0.7276722493379865,0.8957218710490972,0.6355088584196787,1.1472273169508616,1.0810139983055793,1.0651546563932601,1.106483453274361,1.179749634076333,0.9080567712909778,1.230608979140456,1.0388545621872793,0.9988591964218544,1.1790908295185152,1.347893901084547,0.7858226705188531,0.6063737470443329,1.1056984384051416,1.3798130477829238,0.796199965694433,0.0,0.34137121668416404,0.31502033060649387,0.5190746539859084,0.5762549897022833,0.9671114710559597,0.5482376217712481,0.9314200863269488,0.8605418029216025,0.9365567400583226
h_large,0.4651537565619357,0.5137460108322051,0.7810944401840488,0.7655000739529435,0.6707563661953729,1.0417228439054744,1.2154059441111231,0.5462990489784455,0.8882084368382959,0.648431949876504,0.5623434858465829,0.7690872140134646,1.3632388210747828,0.8616857946010514,1.0098158150142627,0.9368559268305146,1.5879490274864512,1.5425545678430297,1.1021654280533553,0.9437334134497046,1.3850323572895982,1.3791945159371268,1.3225171293055373,1.3238345435970305,1.3975720499772595,1.63919456817631,1.454762446149727,0.6568651858811707,0.8318863178473894,0.9955449796670193,0.9788175015434559,0.9094940005401564,0.34137121668416404,0.0,0.5133302154576107,0.4686441587897934,0.6498846434149996,0.4728753868540441,0.5297889052197705,0.9016320702420034,0.7477789212150375,0.9460805780796608
h_normal_flip_h,0.7962734634901626,0.5263058736204779,0.4044905963528624,0.5243715284693681,0.9049418995903867,0.651468516407988,0.6910681427475915,0.541663009951421,0.901308066835432,0.6597170062131908,0.9479699841031877,0.5974292625279897,1.4787838031087397,0.9832125714080429,1.2262538557498952,0.8362189505164664,1.5945942986419515,1.1776380789325334,1.111802379083211,0.9197693827583188,1.1584572721743207,1.2697774143322396,1.428760242732455,1.0903162461331906,0.950616385182334,1.28178451953317,1.2959785643729398,0.7904051049264984,0.8672501484527421,1.2170589959483515,1.5932444463628708,1.185792777039768,0.31502033060649387,0.5133302154576107,0.0,0.32228276238455594,0.6729839946467652,1.0756137861809345,0.7938678045746475,0.9177297345406695,0.7296201839689749,1.0456404532871653
h_normal_flip_v,0.8442880303659399,0.853009355643171,0.8618500915837153,1.0424267675269978,0.8532843771065203,0.5588937970394308,0.4820174752257303,0.9009541047499737,0.8335995251441956,1.2205083937701555,0.7465626256742304,0.932977038492102,1.1097459004396146,0.7518853952450364,1.219256782184357,0.8843272799622544,1.1978042323740596,0.9927117430879755,1.4187065161730112,1.1202662786675759,1.3326520834690019,1.550635108434268,1.3534359084291567,0.8232217847284358,1.043689453842149,1.1614405212959062,1.1089646622993743,1.225256669355797,1.3477792488530063,1.2635016112051005,1.4295685826650528,1.2163605315282577,0.5190746539859084,0.4686441587897934,0.32228276238455594,0.0,0.41466425995666806,1.2306712045619725,1.0648490314472265,0.7050735173288198,0.8725303226205199,0.8733537689661788
h_normal_rot90,0.7564073358194133,0.7728745054087433,0.7084883357540656,1.1008774966055817,0.9387582322516239,0.5629978013267726,0.8137119244925484,0.9094514405569756,0.9482215268247836,1.219955976914792,0.9043830402208202,0.8396171117366352,1.0497135451672956,1.0258993480151417,0.9833387222548982,0.6594956391149623,1.0091455477596505,1.3230370305124566,1.4476611821743535,1.3446442735089636,1.39579602161231,1.4940766194759916,1.4940680493205611,1.4772546498133101,1.213124168499268,1.1503781444613521,1.2818539156397262,1.1086051813895414,1.1466550722395543,1.1611643349954903,1.261562342356817,1.2394717080792281,0.5762549897022833,0.6498846434149996,0.6729839946467652,0.41466425995666806,0.0,1.145786649261643,1.098664861268209,0.8331656712062396,1.0956891375636753,0.8668774244229879
k_normal,0.7081516389671976,1.207313597880746,1.1827454713038847,1.0531206888387177,1.449521012128502,1.1161734301867763,0.9294688722138402,1.4823483077393516,1.5174825339037474,1.4502574497991794,1.3141172385666295,1.0718258873968622,0.8863226664766839,1.397853932910184,0.6605981666879711,0.4646229828069807,0.6417423497039325,1.2498521812564614,1.5216323823366271,1.1543236367392755,0.8261707266942759,1.0732005947199863,1.1467061525280502,1.1089004798561999,1.316671291204933,0.9479135878746023,1.289637305171541,1.2708128793534055,1.0151003441334023,1.4238370646715512,0.8693751222420167,1.226416353989186,0.9671114710559597,0.4728753868540441,1.0756137861809345,1.2306712045619725,1.145786649261643,0.0,0.3628293672413685,0.5234754035285779,0.3413209331952625,0.34849653488289
k_large,1.0236642673536451,1.3509806261671078,1.176126580281458,0.7934232160685945,1.3142690845984915,1.3014291368156377,1.1729390833077957,0.9929452289809466,0.9156771349260724,1.2770319094450466,0.9703489959117746,1.29790367173582,1.271247580307929,1.269116155915127,0.9264889354841072,1.2066378345691504,1.3591831400587253,1.1576998799674383,1.2929247107055208,1.138362496258355,0.8313722659200858,1.5529710017384912,1.3468148213095985,1.2612740646016334,1.2803186112290925,1.395094499921492,1.549719054280154,1.3288638085004087,1.4778112974410453,1.194853887475281,0.7226438815176071,0.9739592522611665,0.5482376217712481,0.5297889052197705,0.7938678045746475,1.0648490314472265,1.098664861268209,0.3628293672413685,0.0,0.36872861718610156,0.29862618865461393,0.5792803781565368
k_normal_flip_h,1.6286778659958363,1.3909463991338065,1.1819653974106776,1.2420059728737802,0.8366061967332,1.0000925697521954,1.2930765846534402,1.5451027412126908,1.1258301965194035,1.4876472418268891,1.201969960535509,1.2436690671107014,1.1707487346206344,1.415012681865027,0.9135515141275077,1.1081598379378914,1.1755278681771855,1.1911265293610827,1.340598539698036,0.980473542791755,1.0561742878357108,1.1116880734648815,1.2515954899137198,1.206055215631695,1.1724950608513367,1.044853605811643,1.296743239853511,1.5002094673759616,0.9671496492959126,0.9914318929724328,1.1753610081970642,1.5452825849301042,0.9314200863269488,0.9016320702420034,0.9177297345406695,0.7050735173288198,0.8331656712062396,0.5234754035285779,0.36872861718610156,0.0,0.32409398002307577,0.5408695432933003
k_normal_flip_v,1.1273850269472172,1.4254797287712904,0.8360844401995402,1.0283249861017119,1.4615550481987605,1.0067212600950295,1.4824382269516752,1.5903637618558364,1.1048243058555713,1.597035379189585,1.2814916359627708,1.4329689781677601,0.8726186651580545,1.385362822248394,1.0809088701629546,1.1127631400729712,1.3671662687847972,1.1687679279648746,1.3949544022717206,1.030170562360377,0.8681206786245848,1.5529477627916792,1.388253353505924,1.1289611925724377,1.2542286694646276,1.3211539592194508,1.4580477612502647,1.1724493684780337,1.4373233643292296,1.2010407767848814,1.0473689430879005,1.193577110620682,0.8605418029216025,0.7477789212150375,0.7296201839689749,0.8725303226205199,1.0956891375636753,0.3413209331952625,0.29862618865461393,0.32409398002307577,0.0,0.5270877370041758
k_normal_rot90,1.324415957684438,1.2384919723378525,1.0799794250473198,1.3075156296593162,1.0550749136516466,1.0390994688880784,0.993622236096281,1.3413602647543317,1.1546825403913255,1.4964810144657557,1.4529311647335998,1.0671554272727268,0.7069500707540027,1.218511567641425,0.9946777740695012,1.012935319876817,0.9145853707135138,1.3804632834290278,1.290280693025803,1.5195981545260506,1.5367156851567825,1.0717549662556614,1.3335998024576177,1.2775875931016896,1.4140919400080014,1.5399221312749003,1.2693889161187704,1.1948870781400407,0.8880270916296905,1.059988986992081,0.617087883568884,1.1665080474838874,0.9365567400583226,0.9460805780796608,1.0456404532871653,0.8733537689661788,0.8668774244229879,0.34849653488289,0.5792803781565368,0.5408695432933003,0.5270877370041758,0.0
