,b_normal,b_large,b_normal_rot90,d_normal,d_large,d_normal_rot90,q_normal,q_large,q_normal_rot90,p_normal,p_large,p_normal_rot90,r_normal,r_large,r_normal_flip_h,r_normal_flip_v,r_normal_rot90,a_normal,a_large,a_normal_flip_h,a_normal_flip_v,a_normal_rot90,e_normal,e_large,e_normal_flip_h,e_normal_flip_v,e_normal_rot90,f_normal,f_large,f_normal_flip_h,f_normal_flip_v,f_normal_rot90,h_normal,h_large,h_normal_flip_h,h_normal_flip_v,h_normal_rot90,k_normal,k_large,k_normal_flip_h,k_normal_flip_v,k_normal_rot90
b_normal,0.0,0.3045632439788947,0.3780341799939362,0.4854078441142543,0.4276965428281833,0.3863952098618731,0.5685714643278001,0.43679890077505323,0.4160976154634213,0.40689005193072675,0.4218769378816421,0.38629516239002737,0.9413119592676762,1.3815097498723887,0.7806970158183918,0.6559139053618581,0.7820467052848643,0.9821392620915059,0.9750830633554959,1.0644401722915606,0.7731137036077409,1.0222050115494943,1.2291091771501061,1.196813608945142,0.7330631500888269,0.8479818547441278,1.009215858348151,1.119201659929017,0.9789468701300814,1.2706858079530148,1.009793575447911,0.878746701540152,0.7870545408611983,1.167817845153339,0.512344012601694,0.5848304267434072,1.0601380143283214,0.8467478638459857,0.9064848227337077,0.8637876968762553,0.9341907047195993,0.9883959031087032
b_large,0.3045632439788947,0.0,0.3925832590476788,0.43057325685610054,0.37099567358194535,0.39576003922580905,0.6329611868234825,0.40842538981483656,0.4095180054998717,0.6017263782485346,0.4811511909379754,0.46910697674471735,0.9538399780333233,0.6215416355532567,0.9450629305980421,0.5342831992121492,1.044472974861192,0.7227224314435831,0.9289061578941311,0.8852640606738669,1.0734428416042523,0.9480975478345265,1.344246023209301,0.8870642477183296,0.8171339188572766,1.2157008551375128,0.7959398331515554,1.1658786573241147,1.2558179871721604,1.4363919358292159,0.8841451056895173,0.8962631659705709,0.5981929880475582,1.2260555778724265,0.8314611299730793,1.1938293137348985,1.1286620582762321,0.8407295832879695,0.8890204444842571,0.8179108084432086,0.9697863963763879,0.7985024117975439
b_normal_rot90,0.3780341799939362,0.3925832590476788,0.0,0.3990120325000072,0.5197928346752694,0.39546591151243476,0.48590521586992075,0.639520033159353,0.3283660333422293,0.3713662607887674,0.44522679403607657,0.441187550223063,0.9080424467179077,1.090182347185506,0.5758898712672943,0.8781886249675791,0.8650697266745824,0.7537295050698178,0.8627419461743778,0.8881407859089632,0.4558730974781045,0.48829176763148724,0.7993139098389025,0.9857393977826434,0.6046071223101245,0.8695671338257751,0.5607199128264985,1.0197294360628602,0.5572015263768904,1.2383760309519722,1.3430360509140484,0.6034945121624609,1.0672576099661903,0.9112051769943013,0.6780938301374878,0.915590610418646,0.8151873707530349,1.044287655530818,0.8342890544406671,0.950102150286532,0.7642115705620596,0.930850247924453
d_normal,0.4854078441142543,0.43057325685610054,0.3990120325000072,0.0,0.3084289716078751,0.3726882830837323,0.47496377049915184,0.5441776934019754,0.4537892117801685,0.49631344957295703,0.4453587464408115,0.4582464521959385,0.8070440026681235,1.1723032083552012,0.8985731837046362,0.9386607157618947,0.6490541892605138,0.7456124635469115,0.5563475864162847,0.7615428427747051,0.9413568577503519,0.9882028655014738,0.9199259626558256,0.644387163277623,0.8931500756936602,0.8587538426826302,0.7440592819326753,0.6815267186816354,0.8991656600961374,1.0622321926334317,0.9719640547051487,0.8216365884830763,1.0261768692315272,1.3639238580260795,0.8046930572250748,0.6691760468149311,0.7538453138011985,0.7382605636035988,0.8250481128793495,0.5640473457995854,0.6507316655648301,0.756488667504348
d_large,0.4276965428281833,0.37099567358194535,0.5197928346752694,0.3084289716078751,0.0,0.446719350878261,0.5694205478433907,0.3804831821990885,0.655959670043817,0.440776490722147,0.3715665864197123,0.48809540622463704,0.9829867604769137,0.754101781132393,1.032684082882921,0.6875105230452084,0.9475124966491817,1.146948499122931,0.8626083682058365,1.100941048532679,1.1570510437590187,1.272749082132687,0.8098607759248486,0.6200496871777245,0.8595544238576434,0.9741079168923937,0.670179444116816,1.0170794360230377,1.0293311647378665,1.1259558090928745,1.2759428387928766,0.8759324358124739,0.9730329314694531,1.0551786124289437,0.8946588513802669,1.0243727418741526,0.6724870677345447,0.8369369852688756,0.8995558157274964,0.7010266440534973,0.7101418385148999,0.9145741110244379
d_normal_rot90,0.3863952098618731,0.39576003922580905,0.39546591151243476,0.3726882830837323,0.446719350878261,0.0,0.4126587718990039,0.6730567595407255,0.2824625642499067,0.48297033389478106,0.41015569533381646,0.28870280644987434,0.9630287028941339,0.7589136610045526,0.7551857727492899,0.7665343352484015,1.169764295893188,0.724746662095885,0.6897041213787988,0.6548750724802495,0.4774413184595095,0.4854155332490148,0.75961137758944,0.9736160654460991,0.6099934526169404,1.055352721358119,0.5410823028713524,1.2873571492694644,0.7971710936290145,1.0286022734500682,1.0808216526073038,0.8216919746399874,0.7071968333059452,1.167006727377439,0.8553650051122234,0.6236128493423986,0.637135568821401,0.5981349773053898,0.8957819303306159,0.7373628700779733,0.7506792898803236,0.843373711813845
q_normal,0.5685714643278001,0.6329611868234825,0.48590521586992075,0.47496377049915184,0.5694205478433907,0.4126587718990039,0.0,0.3104431009860883,0.49171906232458035,0.5028618376662062,0.439845161859706,0.5043027951448884,1.0281580218256496,0.5649291293458284,0.9305983385730578,0.7181282829052689,0.8832127183527134,1.1822377440400684,1.1643999284545252,0.6902533890895931,0.9672492974574429,0.9055827605765341,0.9005576463746677,0.8422760278514998,0.8350392986677867,0.6666166646677096,0.7374845440157382,1.164128756557246,0.9575614444301911,1.4224651335844918,1.480228653847889,0.7598175160201224,0.8770811468013711,0.9350353422086621,0.9137106221460243,1.1095878904808285,0.7096221102905382,1.1372725080353216,1.0842317349564627,0.5584504798542753,0.7544947068371256,1.1462608655221627
q_large,0.43679890077505323,0.40842538981483656,0.639520033159353,0.5441776934019754,0.3804831821990885,0.6730567595407255,0.3104431009860883,0.0,0.4200762354665558,0.5736159888875642,0.34205265169999466,0.5654555831991526,0.8610202864778708,0.5643548896514824,0.7959988706101482,0.6310214280126775,0.7248031674792041,0.943051382944496,0.8559434259569534,0.7404425796960339,0.9167589996831342,0.7814894756281245,1.0791063257479045,0.9563585527685603,0.7767236519522083,0.6141958335282693,0.8290621499421851,1.0601838158789607,1.2193976481308524,1.1853764671187221,0.9320433459929047,1.0021444680649922,0.8311385069113515,1.12879936692495,0.9695504662293146,1.0743279190100525,1.4056829556493942,0.7673480934092066,1.0517482242602822,0.5697771443150329,0.9151133458396885,0.801389161581157
q_normal_rot90,0.4160976154634213,0.4095180054998717,0.3283660333422293,0.4537892117801685,0.655959670043817,0.2824625642499067,0.49171906232458035,0.4200762354665558,0.0,0.47839487038024914,0.4055862372970118,0.439448870221492,1.2929912368704002,0.8403324343424168,0.7423552108262129,1.175821624742312,1.068199100513753,0.8144745653036087,0.8408458234061585,0.6436355891217477,0.8263375823990399,1.2337656605341363,0.5712133967645171,0.8842282376422202,0.7894402433141352,0.7262327040392628,0.7242564178395521,1.1476405621786838,0.7079294491733414,0.8382174257439093,0.9523925649417954,0.5785235201859943,0.7669487277085703,0.8232065013819775,0.7713678184900572,0.8289153814145337,0.5392895916443261,0.7898003719200983,0.8638483895243262,0.9792678852143062,0.6730365381957158,0.8795370711132137
p_normal,0.40689005193072675,0.6017263782485346,0.3713662607887674,0.49631344957295703,0.440776490722147,0.48297033389478106,0.5028618376662062,0.5736159888875642,0.47839487038024914,0.0,0.29525140474528017,0.44799416512892565,0.835896555535658,0.9138959708413561,0.9752081878358059,0.8863123707664037,0.7985479133804312,0.5725559657266925,1.29243299803337,0.8694595443916653,0.8983597552549134,1.1760140858365655,0.7655293829945387,0.6897884265986616,0.9024990046585494,1.2684319651806075,0.7758136831534207,1.5350216405519947,1.1295448908223895,1.0292333289465327,0.6587929919879912,0.9635543301697451,0.9218136990197036,1.2155757602180137,0.7791171761418062,1.193343235481952,1.1876182299269964,0.8455281440373329,0.8735315372301192,1.1369727765091915,1.2025502051015349,1.0884599047444596
p_large,0.4218769378816421,0.4811511909379754,0.44522679403607657,0.4453587464408115,0.3715665864197123,0.41015569533381646,0.439845161859706,0.34205265169999466,0.4055862372970118,0.29525140474528017,0.0,0.41463181619341416,1.2457598573573783,0.9560847110819904,0.9239652822070465,0.6586706499676773,0.9853701084995021,0.7950633630672481,1.1457711016759606,0.7284324193528471,0.8002922386956584,1.0750966822843282,0.8634925758138956,0.9108491386589724,0.8899489462747212,1.046799904879168,0.8872387783213459,1.3998071884009287,0.7704860732611457,1.1284587127366816,0.7750657807987845,0.6596016100755604,0.7332655923566485,1.304995995899647,0.8166891159655716,0.8269447732288557,1.2293251126188303,0.9707833722501124,0.8899840418912526,1.2789383898765756,1.2438163150909305,1.0557028450723738
p_normal_rot90,0.38629516239002737,0.46910697674471735,0.441187550223063,0.4582464521959385,0.48809540622463704,0.28870280644987434,0.5043027951448884,0.5654555831991526,0.439448870221492,0.44799416512892565,0.41463181619341416,0.0,0.8454214272524,0.9319017530216804,0.5874771401259019,0.9719231384662315,0.8232554393929016,0.5497463699627931,0.9760862819610828,0.6837808089372647,0.533416169213996,0.890051219447588,0.8342317280732501,0.8769164615976678,0.8922397165477112,0.7661351450482493,0.7356567576407493,1.0411779139277104,0.7984930314180093,1.0215184871196374,0.8451225615909173,0.7867409834943626,0.7237071520959366,1.029461452785304,0.8066392071069358,1.0346799020117667,0.858125335597882,0.6439093180089985,0.9898466751192038,0.7440129762584969,0.9307566009293462,1.2899104314013072
r_normal,0.9413119592676762,0.9538399780333233,0.9080424467179077,0.8070440026681235,0.9829867604769137,0.9630287028941339,1.0281580218256496,0.8610202864778708,1.2929912368704002,0.835896555535658,1.2457598573573783,0.8454214272524,0.0,0.28270006712784623,0.3910336007819322,0.4324105956956714,0.3589745918138836,0.726122467472659,0.8836324474607506,1.197367935288906,1.4366075085663932,0.6333946887611956,0.7829416615122525,1.1745107799303838,0.5215710288542724,1.2115362354591925,0.5931896791854709,0.6931458328776566,1.237554620627441,1.0932125362902754,0.6006441192863062,0.9202428349219939,0.6966415845802296,0.9807993800922481,0.7298708873458735,0.7779091482113173,0.6679765324370149,0.9068998846730568,0.8608562233369486,1.1147451189957382,1.0755240197598708,1.2971833236356916
r_large,1.3815097498723887,0.6215416355532567,1.090182347185506,1.1723032083552012,0.754101781132393,0.7589136610045526,0.5649291293458284,0.5643548896514824,0.8403324343424168,0.9138959708413561,0.9560847110819904,0.9319017530216804,0.28270006712784623,0.0,0.41617715838636776,0.3555417545283907,0.39027448351539906,0.7518792466291541,0.8532613879664513,0.6677216309813008,0.828998334640763,0.5446889531303892,1.4277849401400473,1.1660408016084631,0.7249147866918552,0.9681481280856101,0.6708243219172162,0.7829389905411854,1.3589179805883584,1.138240165290875,0.7965709337293281,1.0450294001317166,0.9797625620967859,0.8440853571320212,0.6471351051353357,0.9521254402094743,0.763609277812523,0.8605950225137424,0.9051161424139602,0.8123728272614654,0.706727709911267,1.078851870220701
r_normal_flip_h,0.7806970158183918,0.9450629305980421,0.5758898712672943,0.8985731837046362,1.032684082882921,0.7551857727492899,0.9305983385730578,0.7959988706101482,0.7423552108262129,0.9752081878358059,0.9239652822070465,0.5874771401259019,0.3910336007819322,0.41617715838636776,0.0,0.29290903836041676,0.32387553111343337,0.7261498033870945,0.9508497572691766,0.6813762166282016,0.8897119214066364,0.8422314327239658,1.4413726439244636,1.2148357801859726,0.7487272797662337,0.6908532669545095,1.2183248813777532,0.7642389455820325,0.5658359800106569,0.960464691166085,0.5496683123047573,0.7783123823965367,1.1498927036326,1.1694905324302876,0.8352915184388918,0.7633157427184986,0.9054890115884701,0.9760410140738607,0.7839866727490152,1.0285451922912605,0.8458093208720275,1.1395645735811075
r_normal_flip_v,0.6559139053618581,0.5342831992121492,0.8781886249675791,0.9386607157618947,0.6875105230452084,0.7665343352484015,0.7181282829052689,0.6310214280126775,1.175821624742312,0.8863123707664037,0.6586706499676773,0.9719231384662315,0.4324105956956714,0.3555417545283907,0.29290903836041676,0.0,0.29947309138876405,0.7464230157563984,1.1177026718745016,1.4061313494157839,0.8045206187692185,0.6643477407266386,0.9334696877240507,1.144886328192934,0.7265881118239716,0.9008041955820926,1.0898101279359835,0.65674453842493,0.972395010404423,0.79237322795472,0.48857908547579415,0.9952825219382241,0.9266360625401105,0.9568029619493658,0.6605754934714415,0.7090507092245113,0.6439241254217735,0.7855505811394593,0.9673288852240916,0.848804425446096,0.8969661571248745,1.0518564578937992
r_normal_rot90,0.7820467052848643,1.044472974861192,0.8650697266745824,0.6490541892605138,0.9475124966491817,1.169764295893188,0.8832127183527134,0.7248031674792041,1.068199100513753,0.7985479133804312,0.9853701084995021,0.8232554393929016,0.3589745918138836,0.39027448351539906,0.32387553111343337,0.29947309138876405,0.0,0.8263590326730013,0.7669354374574432,1.1075338462056323,1.2814588211867015,0.8220710754380034,0.8425776460265914,0.7259911299247914,0.6358919036830588,1.070980096662982,0.7951901149669784,0.732058578770151,0.9684107729879713,0.9252739965654628,0.5889075265813914,1.0817191933103762,0.5542727704110806,0.9314069367139539,0.6473145789366991,0.5152030551908086,0.7090276273164657,0.8130339303498514,1.0206881219009434,0.8753988186835631,1.0165753865312723,1.0118942485760978
a_normal,0.9821392620915059,0.7227224314435831,0.7537295050698178,0.7456124635469115,1.146948499122931,0.724746662095885,1.1822377440400684,0.943051382944496,0.8144745653036087,0.5725559657266925,0.7950633630672481,0.5497463699627931,0.726122467472659,0.7518792466291541,0.7261498033870945,0.7464230157563984,0.8263590326730013,0.0,0.299263729532685,0.3449328611481227,0.4220151040507272,0.3076441443438478,0.6199462792265776,0.6653492207639207,0.6377578829109456,0.6716313860650496,0.7063332282929405,1.0893516588838827,0.985953945474735,0.5761338463168849,0.8177194829045211,0.9169358421363484,0.7076107259662967,0.7290575020101132,0.6053628158732163,0.635910697295588,0.8982858866037559,1.136734433239862,1.1399927105184708,0.9772773516247794,1.3073858348922078,0.8418135714523155
a_large,0.9750830633554959,0.9289061578941311,0.8627419461743778,0.5563475864162847,0.8626083682058365,0.6897041213787988,1.1643999284545252,0.8559434259569534,0.8408458234061585,1.29243299803337,1.1457711016759606,0.9760862819610828,0.8836324474607506,0.8532613879664513,0.9508497572691766,1.1177026718745016,0.7669354374574432,0.299263729532685,0.0,0.3890739413861302,0.5802306941355193,0.41496056196050085,0.579126018320896,0.47084937786765685,1.0356208817241064,0.9350142475386811,0.8055511779657217,0.634926113135295,1.0190990632024404,0.9282839166750936,0.9005859262292037,0.9484600405542892,1.121399754827595,1.3936725721247905,1.2097914133616108,0.7683149604127946,0.8417296333495797,0.8427799965514722,0.8865656683552402,0.8699701735093492,0.6899488745729183,0.7742422653374244
a_normal_flip_h,1.0644401722915606,0.8852640606738669,0.8881407859089632,0.7615428427747051,1.100941048532679,0.6548750724802495,0.6902533890895931,0.7404425796960339,0.6436355891217477,0.8694595443916653,0.7284324193528471,0.6837808089372647,1.197367935288906,0.6677216309813008,0.6813762166282016,1.4061313494157839,1.1075338462056323,0.3449328611481227,0.3890739413861302,0.0,0.31117802210959794,0.3924015314746261,0.536623768144106,0.7670412013603221,0.990918161678205,0.5854518913456509,0.5834790964410488,0.8905500532488323,0.8674176233458599,1.017857925414941,0.649157063774551,0.755179425041145,1.1394893607372591,0.8698231134604473,0.973138288253834,1.1428184334294507,1.2775367230594348,0.8309521932661122,1.1479970182062897,0.9216937141571315,0.720180972802336,0.6374719474736116
a_normal_flip_v,0.7731137036077409,1.0734428416042523,0.4558730974781045,0.9413568577503519,1.1570510437590187,0.4774413184595095,0.9672492974574429,0.9167589996831342,0.8263375823990399,0.8983597552549134,0.8002922386956584,0.533416169213996,1.4366075085663932,0.828998334640763,0.8897119214066364,0.8045206187692185,1.2814588211867015,0.4220151040507272,0.5802306941355193,0.31117802210959794,0.0,0.3109806136229489,0.4008091881362158,0.630656244761219,0.5838219080673774,0.5481693971554628,0.7536866579381218,1.0667378072109333,0.9867287500632762,0.8969675407431188,0.6988947154980167,0.8757521145337959,1.1499435923741055,0.9969761268534102,1.009587023468397,0.7706932499473902,0.836653065767767,1.0275985180651084,0.8244334834180912,1.0748574801209005,0.8911039342989994,1.3216445823956784
a_normal_rot90,1.0222050115494943,0.9480975478345265,0.48829176763148724,0.9882028655014738,1.272749082132687,0.4854155332490148,0.9055827605765341,0.7814894756281245,1.2337656605341363,1.1760140858365655,1.0750966822843282,0.890051219447588,0.6333946887611956,0.5446889531303892,0.8422314327239658,0.6643477407266386,0.8220710754380034,0.3076441443438478,0.41496056196050085,0.3924015314746261,0.3109806136229489,0.0,0.45873894603456283,0.630448424793155,0.5406553092751787,0.5140510238795187,0.6982784504842439,0.5777286605263269,0.8684542261256717,0.5883467505246649,0.7586547495619836,1.0022220513464593,1.214008548843423,0.9655702362320463,0.7748415849720187,0.6431420024516288,0.8856670323552726,0.5734478575223807,0.8534134188195255,0.9951980874594304,0.8869055866969313,0.9444045099312162
e_normal,1.2291091771501061,1.344246023209301,0.7993139098389025,0.9199259626558256,0.8098607759248486,0.75961137758944,0.9005576463746677,1.0791063257479045,0.5712133967645171,0.7655293829945387,0.8634925758138956,0.8342317280732501,0.7829416615122525,1.4277849401400473,1.4413726439244636,0.9334696877240507,0.8425776460265914,0.6199462792265776,0.579126018320896,0.536623768144106,0.4008091881362158,0.45873894603456283,0.0,0.2695958770890512,0.32756960307216565,0.35448075100175663,0.45491356265644933,0.7174157361710294,0.6739556750141582,0.6530025527447921,0.8878088391929916,0.7313299709800405,1.0860659437982008,0.9194115465309609,0.950901901608125,1.289691776716311,0.7416840357932897,0.9654052651597391,0.8499945599933204,0.9318486551346421,1.1452998321386252,0.7565074111828869
e_large,1.196813608945142,0.8870642477183296,0.9857393977826434,0.644387163277623,0.6200496871777245,0.9736160654460991,0.8422760278514998,0.9563585527685603,0.8842282376422202,0.6897884265986616,0.9108491386589724,0.8769164615976678,1.1745107799303838,1.1660408016084631,1.2148357801859726,1.144886328192934,0.7259911299247914,0.6653492207639207,0.47084937786765685,0.7670412013603221,0.630656244761219,0.630448424793155,0.2695958770890512,0.0,0.41477770008817405,0.39007949624553473,0.4225825654620031,0.7890435715128502,0.6339857958289024,0.7194713201062536,0.9416694804837434,1.0044638341765153,0.9985910709602267,0.702993537074065,0.8190783716895431,1.1708515210769512,0.8458420097866417,1.2047690062897949,0.7238163242488852,0.7133940150966283,0.7408483249121445,0.82009004387989
e_normal_flip_h,0.7330631500888269,0.8171339188572766,0.6046071223101245,0.8931500756936602,0.8595544238576434,0.6099934526169404,0.8350392986677867,0.7767236519522083,0.7894402433141352,0.9024990046585494,0.8899489462747212,0.8922397165477112,0.5215710288542724,0.7249147866918552,0.7487272797662337,0.7265881118239716,0.6358919036830588,0.6377578829109456,1.0356208817241064,0.990918161678205,0.5838219080673774,0.5406553092751787,0.32756960307216565,0.41477770008817405,0.0,0.29272428077157264,0.319077913349244,0.8042141488181249,0.6333308435337612,0.7780702998640923,0.9300255650614627,1.3818379355862656,0.6556642893393794,0.91288110306024,0.6869382694920572,1.0730759357823756,0.706045372940415,0.9773655505787635,0.9845960723612843,1.3361505675712106,1.5375268949819787,1.2135907142800162
e_normal_flip_v,0.8479818547441278,1.2157008551375128,0.8695671338257751,0.8587538426826302,0.9741079168923937,1.055352721358119,0.6666166646677096,0.6141958335282693,0.7262327040392628,1.2684319651806075,1.046799904879168,0.7661351450482493,1.2115362354591925,0.9681481280856101,0.6908532669545095,0.9008041955820926,1.070980096662982,0.6716313860650496,0.9350142475386811,0.5854518913456509,0.5481693971554628,0.5140510238795187,0.35448075100175663,0.39007949624553473,0.29272428077157264,0.0,0.26588344679187564,0.8750026799442958,0.903776704294625,0.7519501029386013,0.8566096623288724,0.9574095305661248,0.9093019680699079,1.186344890738454,0.875901240231701,0.7270468734525828,0.8092022723355727,1.366305735994394,0.8896565712161634,0.745349189736419,0.6064073980458682,0.9800158134074083
e_normal_rot90,1.009215858348151,0.7959398331515554,0.5607199128264985,0.7440592819326753,0.670179444116816,0.5410823028713524,0.7374845440157382,0.8290621499421851,0.7242564178395521,0.7758136831534207,0.8872387783213459,0.7356567576407493,0.5931896791854709,0.6708243219172162,1.2183248813777532,1.0898101279359835,0.7951901149669784,0.7063332282929405,0.8055511779657217,0.5834790964410488,0.7536866579381218,0.6982784504842439,0.45491356265644933,0.4225825654620031,0.319077913349244,0.26588344679187564,0.0,0.819150440012524,0.3985617476407214,0.7835488642628828,0.8361923664842058,0.8804780122705897,1.1087489549337213,1.0720680027593084,0.9066103500430329,0.8849484496329272,0.8196627459110591,0.966200537428986,0.6914722870376527,0.8909360864245123,1.2454757342700378,1.215837307643383
f_normal,1.119201659929017,1.1658786573241147,1.0197294360628602,0.6815267186816354,1.0170794360230377,1.2873571492694644,1.164128756557246,1.0601838158789607,1.1476405621786838,1.5350216405519947,1.3998071884009287,1.0411779139277104,0.6931458328776566,0.7829389905411854,0.7642389455820325,0.65674453842493,0.732058578770151,1.0893516588838827,0.634926113135295,0.8905500532488323,1.0667378072109333,0.5777286605263269,0.7174157361710294,0.7890435715128502,0.8042141488181249,0.8750026799442958,0.819150440012524,0.0,0.2798110035914675,0.37027895283213264,0.34568811903660673,0.3122571635083934,0.7490595835885516,0.7994652993976927,0.8046147540377682,0.5924655568766525,0.7135034885545731,0.730577933991522,0.6806309610040767,0.892515015404005,0.5759106812465633,0.7104566809734127
f_large,0.9789468701300814,1.2558179871721604,0.5572015263768904,0.8991656600961374,1.0293311647378665,0.7971710936290145,0.9575614444301911,1.2193976481308524,0.7079294491733414,1.1295448908223895,0.7704860732611457,0.7984930314180093,1.237554620627441,1.3589179805883584,0.5658359800106569,0.972395010404423,0.9684107729879713,0.985953945474735,1.0190990632024404,0.8674176233458599,0.9867287500632762,0.8684542261256717,0.6739556750141582,0.6339857958289024,0.6333308435337612,0.903776704294625,0.3985617476407214,0.2798110035914675,0.0,0.3520854381391791,0.40068684577032904,0.37335651894913857,0.8162131553215476,1.0095375972026004,0.7335886764377872,0.9961697636968911,0.8909611943990378,0.7627950138398744,0.8602403140649707,0.8941865320677751,0.6420692021684185,0.7633177668296077
f_normal_flip_h,1.2706858079530148,1.4363919358292159,1.2383760309519722,1.0622321926334317,1.1259558090928745,1.0286022734500682,1.4224651335844918,1.1853764671187221,0.8382174257439093,1.0292333289465327,1.1284587127366816,1.0215184871196374,1.0932125362902754,1.138240165290875,0.960464691166085,0.79237322795472,0.9252739965654628,0.5761338463168849,0.9282839166750936,1.017857925414941,0.8969675407431188,0.5883467505246649,0.6530025527447921,0.7194713201062536,0.7780702998640923,0.7519501029386013,0.7835488642628828,0.37027895283213264,0.3520854381391791,0.0,0.3507811756522155,0.3883615695939584,0.6070657157666516,0.6927289386284623,1.0390213954759062,1.1156847474417384,1.2113262590930263,0.7031314201515027,0.9781379055791872,0.7531590334329478,0.8656770722475382,0.7423018455390418
f_normal_flip_v,1.009793575447911,0.8841451056895173,1.3430360509140484,0.9719640547051487,1.2759428387928766,1.0808216526073038,1.480228653847889,0.9320433459929047,0.9523925649417954,0.6587929919879912,0.7750657807987845,0.8451225615909173,0.6006441192863062,0.7965709337293281,0.5496683123047573,0.48857908547579415,0.5889075265813914,0.8177194829045211,0.9005859262292037,0.649157063774551,0.6988947154980167,0.7586547495619836,0.8878088391929916,0.9416694804837434,0.9300255650614627,0.8566096623288724,0.8361923664842058,0.34568811903660673,0.40068684577032904,0.3507811756522155,0.0,0.3512416103707474,0.9357278983280088,1.3345458872452551,1.1479071574055693,0.8964775796209744,1.1899012060563596,0.7295664488773979,0.9375110553349886,0.8011188246209718,0.5101285985910758,0.582268387677777
f_normal_rot90,0.878746701540152,0.8962631659705709,0.6034945121624609,0.8216365884830763,0.8759324358124739,0.8216919746399874,0.7598175160201224,1.0021444680649922,0.5785235201859943,0.9635543301697451,0.6596016100755604,0.7867409834943626,0.9202428349219939,1.0450294001317166,0.7783123823965367,0.9952825219382241,1.0817191933103762,0.9169358421363484,0.9484600405542892,0.755179425041145,0.8757521145337959,1.0022220513464593,0.7313299709800405,1.0044638341765153,1.3818379355862656,0.9574095305661248,0.8804780122705897,0.3122571635083934,0.37335651894913857,0.3883615695939584,0.3512416103707474,0.0,0.579921458656854,0.7446690435178372,0.6983954003449717,0.7479247756507436,0.6543404050477466,0.7923424476344183,0.7667288072160645,0.6566413943115657,0.5793445591597731,0.6494240070789992
h_normal,0.7870545408611983,0.5981929880475582,1.0672576099661903,1.0261768692315272,0.9730329314694531,0.7071968333059452,0.8770811468013711,0.8311385069113515,0.7669487277085703,0.9218136990197036,0.7332655923566485,0.7237071520959366,0.6966415845802296,0.9797625620967859,1.1498927036326,0.9266360625401105,0.5542727704110806,0.7076107259662967,1.121399754827595,1.1394893607372591,1.1499435923741055,1.214008548843423,1.0860659437982008,0.9985910709602267,0.6556642893393794,0.9093019680699079,1.1087489549337213,0.7490595835885516,0.8162131553215476,0.6070657157666516,0.9357278983280088,0.579921458656854,0.0,0.31521818321137934,0.3127686516684656,0.3782674186600175,0.3421255384438629,0.6691990273787556,0.862777804350567,0.8365894973231317,0.7643245084138206,0.881908564316598
h_large,1.167817845153339,1.2260555778724265,0.9112051769943013,1.3639238580260795,1.0551786124289437,1.167006727377439,0.9350353422086621,1.12879936692495,0.8232065013819775,1.2155757602180137,1.304995995899647,1.029461452785304,0.9807993800922481,0.8440853571320212,1.1694905324302876,0.9568029619493658,0.9314069367139539,0.7290575020101132,1.3936725721247905,0.8698231134604473,0.9969761268534102,0.9655702362320463,0.9194115465309609,0.702993537074065,0.91288110306024,1.186344890738454,1.0720680027593084,0.7994652993976927,1.0095375972026004,0.6927289386284623,1.3345458872452551,0.7446690435178372,0.31521818321137934,0.0,0.41776736346084437,0.8929977293072786,0.49506411481718426,0.7593778125985269,1.0227209602974745,0.9525756500846981,0.8406874315937192,1.0724992851300048
h_normal_flip_h,0.512344012601694,0.8314611299730793,0.6780938301374878,0.8046930572250748,0.8946588513802669,0.8553650051122234,0.9137106221460243,0.9695504662293146,0.7713678184900572,0.7791171761418062,0.8166891159655716,0.8066392071069358,0.7298708873458735,0.6471351051353357,0.8352915184388918,0.6605754934714415,0.6473145789366991,0.6053628158732163,1.2097914133616108,0.973138288253834,1.009587023468397,0.7748415849720187,0.950901901608125,0.8190783716895431,0.6869382694920572,0.875901240231701,0.9066103500430329,0.8046147540377682,0.7335886764377872,1.0390213954759062,1.1479071574055693,0.6983954003449717,0.3127686516684656,0.41776736346084437,0.0,0.3442182299551373,0.25615694103927406,0.7011500039004512,0.8756672074218138,0.5736608747574056,0.8295727989964987,1.1343774951529753
h_normal_flip_v,0.5848304267434072,1.1938293137348985,0.915590610418646,0.6691760468149311,1.0243727418741526,0.6236128493423986,1.1095878904808285,1.0743279190100525,0.8289153814145337,1.193343235481952,0.8269447732288557,1.0346799020117667,0.7779091482113173,0.9521254402094743,0.7633157427184986,0.7090507092245113,0.5152030551908086,0.635910697295588,0.7683149604127946,1.1428184334294507,0.7706932499473902,0.6431420024516288,1.289691776716311,1.1708515210769512,1.0730759357823756,0.7270468734525828,0.8849484496329272,0.5924655568766525,0.9961697636968911,1.1156847474417384,0.8964775796209744,0.7479247756507436,0.3782674186600175,0.8929977293072786,0.3442182299551373,0.0,0.35274526381090177,0.9121961921263647,0.9119023270645807,1.0159165623083348,0.6994682043551959,0.6411443147035712
h_normal_rot90,1.0601380143283214,1.1286620582762321,0.8151873707530349,0.7538453138011985,0.6724870677345447,0.637135568821401,0.7096221102905382,1.4056829556493942,0.5392895916443261,1.1876182299269964,1.2293251126188303,0.858125335597882,0.6679765324370149,0.763609277812523,0.9054890115884701,0.6439241254217735,0.7090276273164657,0.8982858866037559,0.8417296333495797,1.2775367230594348,0.836653065767767,0.8856670323552726,0.7416840357932897,0.8458420097866417,0.706045372940415,0.8092022723355727,0.8196627459110591,0.7135034885545731,0.8909611943990378,1.2113262590930263,1.1899012060563596,0.6543404050477466,0.3421255384438629,0.49506411481718426,0.25615694103927406,0.35274526381090177,0.0,0.4977067700202091,0.7415539562045117,0.582788341268294,0.7672489283862396,0.9012028749673656
k_normal,0.8467478638459857,0.8407295832879695,1.044287655530818,0.7382605636035988,0.8369369852688756,0.5981349773053898,1.1372725080353216,0.7673480934092066,0.7898003719200983,0.8455281440373329,0.9707833722501124,0.6439093180089985,0.9068998846730568,0.8605950225137424,0.9760410140738607,0.7855505811394593,0.8130339303498514,1.136734433239862,0.8427799965514722,0.8309521932661122,1.0275985180651084,0.5734478575223807,0.9654052651597391,1.2047690062897949,0.9773655505787635,1.366305735994394,0.966200537428986,0.730577933991522,0.7627950138398744,0.7031314201515027,0.7295664488773979,0.7923424476344183,0.6691990273787556,0.7593778125985269,0.7011500039004512,0.9121961921263647,0.4977067700202091,0.0,0.30005671838991704,0.3368289138843448,0.36216276537632125,0.33539286048858213
k_large,0.9064848227337077,0.8890204444842571,0.8342890544406671,0.8250481128793495,0.8995558157274964,0.8957819303306159,1.0842317349564627,1.0517482242602822,0.8638483895243262,0.8735315372301192,0.8899840418912526,0.9898466751192038,0.8608562233369486,0.9051161424139602,0.7839866727490152,0.9673288852240916,1.0206881219009434,1.1399927105184708,0.8865656683552402,1.1479970182062897,0.8244334834180912,0.8534134188195255,0.8499945599933204,0.7238163242488852,0.9845960723612843,0.8896565712161634,0.6914722870376527,0.6806309610040767,0.8602403140649707,0.9781379055791872,0.9375110553349886,0.7667288072160645,0.862777804350567,1.0227209602974745,0.8756672074218138,0.9119023270645807,0.7415539562045117,0.30005671838991704,0.0,0.5030564931358938,0.3663126193302061,0.40094235819430946
k_normal_flip_h,0.8637876968762553,0.8179108084432086,0.950102150286532,0.5640473457995854,0.7010266440534973,0.7373628700779733,0.5584504798542753,0.5697771443150329,0.9792678852143062,1.1369727765091915,1.2789383898765756,0.7440129762584969,1.1147451189957382,0.8123728272614654,1.0285451922912605,0.848804425446096,0.8753988186835631,0.9772773516247794,0.8699701735093492,0.9216937141571315,1.0748574801209005,0.9951980874594304,0.9318486551346421,0.7133940150966283,1.3361505675712106,0.745349189736419,0.8909360864245123,0.892515015404005,0.8941865320677751,0.7531590334329478,0.8011188246209718,0.6566413943115657,0.8365894973231317,0.9525756500846981,0.5736608747574056,1.0159165623083348,0.582788341268294,0.3368289138843448,0.5030564931358938,0.0,0.3563920862785532,0.2957115953778759
k_normal_flip_v,0.9341907047195993,0.9697863963763879,0.7642115705620596,0.6507316655648301,0.7101418385148999,0.7506792898803236,0.7544947068371256,0.9151133458396885,0.6730365381957158,1.2025502051015349,1.2438163150909305,0.9307566009293462,1.0755240197598708,0.706727709911267,0.8458093208720275,0.8969661571248745,1.0165753865312723,1.3073858348922078,0.6899488745729183,0.720180972802336,0.8911039342989994,0.8869055866969313,1.1452998321386252,0.7408483249121445,1.5375268949819787,0.6064073980458682,1.2454757342700378,0.5759106812465633,0.6420692021684185,0.8656770722475382,0.5101285985910758,0.5793445591597731,0.7643245084138206,0.8406874315937192,0.8295727989964987,0.6994682043551959,0.7672489283862396,0.36216276537632125,0.3663126193302061,0.3563920862785532,0.0,0.3123662137929017
k_normal_rot90,0.9883959031087032,0.7985024117975439,0.930850247924453,0.756488667504348,0.9145741110244379,0.843373711813845,1.1462608655221627,0.801389161581157,0.8795370711132137,1.0884599047444596,1.0557028450723738,1.2899104314013072,1.2971833236356916,1.078851870220701,1.1395645735811075,1.0518564578937992,1.0118942485760978,0.8418135714523155,0.7742422653374244,0.6374719474736116,1.3216445823956784,0.9444045099312162,0.7565074111828869,0.82009004387989,1.2135907142800162,0.9800158134074083,1.215837307643383,0.7104566809734127,0.7633177668296077,0.7423018455390418,0.582268387677777,0.6494240070789992,0.881908564316598,1.0724992851300048,1.1343774951529753,0.6411443147035712,0.9012028749673656,0.33539286048858213,0.40094235819430946,0.2957115953778759,0.3123662137929017,0.0
